8.686715e+02	1	1.518703e-05	60	5.464917e-08	1.372149e-05	62	1.086734e-05	
6.824961e+03	1	1.769838e-05	17	7.249733e-07	3.248234e-05	15	1.440636e-05	
1.612429e+04	1	2.527749e-05	39	4.047610e-07	2.674687e-05	56	1.111165e-05	
3.138202e+04	1	1.891842e-05	50	3.456087e-07	2.537474e-05	53	1.127231e-05	
3.487696e+04	1	2.286393e-05	28	5.264066e-07	2.919536e-05	23	1.362807e-05	
3.577771e+04	1	2.569395e-05	83	2.401463e-07	2.247494e-05	88	9.975596e-06	
4.104035e+04	1	7.112490e-06	47	5.798831e-08	1.399545e-05	68	1.060637e-05	
5.169258e+04	0	2.854045e-05	116	1.717451e-07	2.009871e-05	128	9.114378e-06	
6.434396e+04	1	1.454979e-05	16	1.237672e-07	1.801946e-05	21	1.393101e-05	
8.545603e+04	1	1.652236e-05	33	7.594292e-08	1.531214e-05	45	1.169833e-05	
1.117758e+05	1	1.023821e-06	105	2.010361e-07	2.118189e-05	124	9.172863e-06	
1.148496e+05	1	1.380258e-05	129	3.116787e-08	1.137913e-05	136	8.967040e-06	
1.221160e+05	1	8.699241e-06	86	3.911087e-08	1.227362e-05	111	9.427291e-06	
1.598116e+05	1	4.309583e-05	17	7.888960e-07	3.341027e-05	18	1.445745e-05	
1.929861e+05	0	2.426088e-05	24	5.191035e-08	1.348832e-05	34	1.248226e-05	
2.008263e+05	0	3.476165e-05	5	2.537532e-07	2.289165e-05	8	1.198544e-05	
2.077474e+05	2	9.795208e-06	5	2.755554e-07	2.352934e-05	8	1.198544e-05	3687573659	1.461792e-08	
2.419519e+05	0	2.437484e-05	35	4.024863e-08	1.239149e-05	36	1.230394e-05	
2.513026e+05	0	1.901680e-05	6	2.705275e-08	1.085452e-05	4	1.011793e-05	
2.967641e+05	1	3.174467e-05	61	5.137538e-07	2.895954e-05	83	2.247494e-05	
3.216705e+05	0	1.423286e-05	7	3.187106e-08	1.146407e-05	6	1.085452e-05	
3.353461e+05	3	1.033002e-05	4	2.427914e-08	8.714638e-06	3	9.180716e-06	3196256300	1.400000e-08	
3.604255e+05	1	3.113557e-05	28	5.608640e-07	2.981896e-05	44	1.176614e-05	
4.601384e+05	3	1.503300e-05	20	4.731601e-08	1.307804e-05	12	1.354901e-05	848448836	1.613586e-08	2211003714	1.613586e-08	2916276788	1.613586e-08	3696193412	1.613586e-08	
6.332062e+05	0	1.890661e-05	20	4.731601e-08	1.307804e-05	848448836	9.137009e-06	
6.610972e+05	0	3.644846e-05	39	4.047610e-07	2.674687e-05	24	1.348832e-05	
6.838860e+05	0	2.407693e-05	60	5.464917e-08	1.372149e-05	24	1.348832e-05	
7.047339e+05	0	2.270532e-05	46	3.329603e-08	1.163244e-05	55	1.116393e-05	
8.033781e+05	1	2.117181e-05	33	1.278533e-07	1.821562e-05	24	1.348832e-05	
8.276600e+05	1	5.616953e-06	28	6.002654e-07	3.050149e-05	36	1.230394e-05	
9.295862e+05	0	3.967610e-05	17	7.888960e-07	3.341027e-05	34	1.248226e-05	
9.564298e+05	1	1.131740e-05	61	5.287406e-07	2.923844e-05	140	8.914756e-06	
1.008064e+06	0	1.669895e-05	89	2.081060e-08	9.945689e-06	125	9.153160e-06	
1.120881e+06	0	2.876756e-05	5	2.755554e-07	2.352934e-05	7	1.146407e-05	
1.293952e+06	3	1.140341e-05	38	2.068264e-08	9.925262e-06	43	1.183595e-05	15308464	1.740579e-08	1239307652	1.740579e-08	1945448119	1.740579e-08	
1.313752e+06	1	3.644134e-05	61	7.004857e-07	3.211242e-05	116	2.009871e-05	
1.456504e+06	0	2.564496e-05	16	1.237672e-07	1.801946e-05	10	1.284813e-05	
1.553520e+06	1	1.097467e-05	72	2.616901e-07	2.312788e-05	102	9.618297e-06	
1.720805e+06	1	2.144896e-06	90	3.887965e-08	1.224938e-05	107	9.520399e-06	
1.798881e+06	1	1.569690e-05	94	2.143909e-07	2.164091e-05	151	8.750828e-06	
1.810004e+06	1	9.760367e-02	0	1.000000e+00	1.000000e-01	154	8.704488e-06	
1.872136e+06	2	1.152729e-05	27	7.087362e-08	1.496356e-05	34	1.248226e-05	3396227953	1.790894e-08	
2.161011e+06	1	2.057582e-05	149	1.723707e-07	2.012308e-05	55	1.116393e-05	
2.260604e+06	1	2.646281e-05	28	6.433331e-07	3.121418e-05	32	1.267430e-05	
2.264570e+06	0	2.176152e-05	60	5.464917e-08	1.372149e-05	97	9.748112e-06	
2.435777e+06	0	2.034412e-05	7	3.187106e-08	1.146407e-05	6	1.085452e-05	
2.437295e+06	0	1.883954e-05	20	4.731601e-08	1.307804e-05	77	1.030198e-05	
2.558781e+06	1	9.899940e-02	0	1.000000e+00	1.000000e-01	127	1.965923e-05	
2.587901e+06	3	1.180843e-05	80	2.584366e-08	8.714638e-06	15308464	9.370683e-06	3321237907	1.400000e-08	
2.590033e+06	1	9.911993e-02	0	1.000000e+00	1.000000e-01	150	8.766550e-06	
2.603469e+06	1	3.338226e-05	17	8.296367e-07	3.397577e-05	9	1.244179e-05	
2.835949e+06	1	9.931504e-02	0	1.000000e+00	1.000000e-01	123	9.192780e-06	
2.869935e+06	0	4.057904e-05	17	8.296367e-07	3.397577e-05	77	1.030198e-05	
2.936901e+06	3	8.471643e-06	14	2.083166e-08	9.949043e-06	82	1.013223e-05	3187199216	1.524741e-08	3330100144	1.524741e-08	310481256	1.524741e-08	817087088	1.524741e-08	
2.947904e+06	1	3.143629e-05	17	8.518550e-07	3.427640e-05	81	1.016506e-05	
2.995569e+06	0	1.610191e-05	64	2.647569e-08	1.077678e-05	78	1.026688e-05	
3.113386e+06	3	1.915032e-05	5	2.574409e-07	2.300201e-05	59	1.096182e-05	551137729	1.532585e-08	1218250404	1.532585e-08	1035956119	1.532585e-08	
3.182160e+06	1	9.564949e-02	0	1.000000e+00	1.000000e-01	133	9.020894e-06	
3.219113e+06	1	9.704616e-02	0	1.000000e+00	1.000000e-01	131	9.057711e-06	
3.284359e+06	4	9.489133e-06	78	2.629842e-08	8.714638e-06	1239307652	9.370683e-06	1211996162	1.400000e-08	
3.303261e+06	0	1.801806e-05	47	5.798831e-08	1.399545e-05	125	9.153160e-06	
3.339129e+06	1	1.202324e-05	5	2.610123e-07	2.310789e-05	1	5.526965e-06	
3.371426e+06	1	9.986433e-02	0	1.000000e+00	1.000000e-01	95	9.802567e-06	
3.477727e+06	0	3.159488e-05	28	6.433331e-07	3.121418e-05	3396227953	9.460120e-06	
3.638354e+06	0	1.809575e-05	87	2.119123e-08	1.000596e-05	118	9.295728e-06	
3.662431e+06	0	3.654245e-05	17	8.518550e-07	3.427640e-05	20	1.307804e-05	
3.697607e+06	1	9.913420e-02	0	1.000000e+00	1.000000e-01	139	8.932014e-06	
3.786464e+06	2	2.531270e-05	39	7.037156e-07	3.216170e-05	50	2.537474e-05	188552836	1.555139e-08	2029773149	1.555139e-08	302486611	1.555139e-08	
3.891425e+06	1	1.815742e-05	5	2.880651e-07	2.388014e-05	6	1.085452e-05	
3.898806e+06	1	9.977719e-02	0	1.000000e+00	1.000000e-01	113	9.382401e-06	
3.968565e+06	1	1.097497e-05	17	8.776954e-07	3.461954e-05	66	1.068988e-05	
4.184050e+06	4	4.104898e-06	37	1.400000e-08	8.714638e-06	80	8.714638e-06	1842102965	1.681282e-08	1285693762	1.681282e-08	1078741991	1.681282e-08	
4.253159e+06	4	4.924172e-06	3396227953	1.823814e-08	8.714638e-06	148	8.782416e-06	2723643411	1.400000e-08	
4.277441e+06	3	8.523631e-06	2029773149	1.710278e-08	8.714638e-06	188552836	9.025330e-06	1804212609	1.400000e-08	
4.503754e+06	3	1.238763e-05	1218250404	1.594378e-08	8.714638e-06	3687573659	8.841010e-06	438292632	1.400000e-08	
4.537974e+06	0	3.793573e-05	39	7.037156e-07	3.216170e-05	3321237907	8.714638e-06	
4.590986e+06	3	5.461630e-06	22	3.165438e-08	1.143803e-05	2916276788	9.137009e-06	2001290253	1.988854e-08	3147695692	1.988854e-08	
4.685900e+06	1	1.564555e-05	61	7.202440e-07	3.241156e-05	96	9.775150e-06	
4.801244e+06	0	2.601597e-05	33	1.278533e-07	1.821562e-05	26	1.322889e-05	
4.871566e+06	4	1.579266e-06	20	1.400000e-08	8.714638e-06	1035956119	8.981487e-06	3179285865	1.621395e-08	2173231515	1.621395e-08	740082705	1.621395e-08	
5.420042e+06	0	2.786479e-05	105	2.010361e-07	2.118189e-05	141	8.897663e-06	
5.541783e+06	0	2.512807e-05	16	1.237672e-07	1.801946e-05	64	1.077678e-05	
5.638680e+06	1	1.193391e-05	94	2.514823e-07	2.282316e-05	40	1.205862e-05	
5.716081e+06	1	9.963612e-02	0	1.000000e+00	1.000000e-01	146	8.814583e-06	
5.789049e+06	0	4.980386e-05	61	7.202440e-07	3.241156e-05	105	2.118189e-05	
5.828893e+06	0	4.219459e-05	17	8.776954e-07	3.461954e-05	3179285865	9.151726e-06	
5.850148e+06	1	1.575954e-05	61	7.403391e-07	3.271023e-05	93	9.830371e-06	
5.988558e+06	1	2.862524e-05	17	8.939093e-07	3.483142e-05	3179285865	9.151726e-06	
6.029714e+06	1	3.082927e-05	28	6.881973e-07	3.192354e-05	10	1.284813e-05	
6.209094e+06	0	2.161259e-05	51	3.122570e-08	1.138616e-05	74	1.041099e-05	
6.215694e+06	4	5.981626e-06	134	1.625088e-08	8.714638e-06	142	8.880734e-06	2795063678	1.400000e-08	
6.430539e+06	0	4.359579e-05	17	8.939093e-07	3.483142e-05	1842102965	9.263040e-06	
6.473490e+06	0	2.604268e-05	5	2.880651e-07	2.388014e-05	438292632	8.714638e-06	
6.676426e+06	2	2.912984e-05	61	9.013930e-07	3.492835e-05	105	2.118189e-05	3642829293	1.999105e-08	2707128518	1.999105e-08	
6.863275e+06	0	2.164355e-05	27	7.087362e-08	1.496356e-05	3696193412	9.137009e-06	
7.209401e+06	1	2.899572e-05	17	9.647829e-07	3.572864e-05	27	1.496356e-05	
7.378525e+06	1	3.510108e-05	17	9.964373e-07	3.611520e-05	22	1.143803e-05	
7.392625e+06	1	9.970070e-02	0	1.000000e+00	1.000000e-01	87	1.000596e-05	
7.434777e+06	3	1.442040e-05	5	2.840380e-07	2.376834e-05	7	1.146407e-05	474866315	1.794907e-08	1639799867	1.794907e-08	
7.450885e+06	0	3.106713e-05	5	2.840380e-07	2.376834e-05	1639799867	9.467181e-06	
7.480175e+06	1	2.664661e-05	28	7.050102e-07	3.218141e-05	1842102965	9.263040e-06	
7.523963e+06	0	2.915032e-05	5	2.840380e-07	2.376834e-05	474866315	9.467181e-06	
7.543575e+06	1	1.812789e-05	28	7.190102e-07	3.239304e-05	438292632	8.714638e-06	
7.673226e+06	1	2.322469e-05	28	7.472471e-07	3.281165e-05	58	1.101064e-05	
7.917849e+06	1	2.190581e-05	39	7.283859e-07	3.253323e-05	70	1.052603e-05	
8.034263e+06	1	2.231853e-05	72	2.770330e-07	2.357132e-05	135	8.984813e-06	
8.089893e+06	0	2.520196e-05	33	1.278533e-07	1.821562e-05	2029773149	8.714638e-06	
8.127722e+06	1	9.980289e-02	0	1.000000e+00	1.000000e-01	106	9.544409e-06	
8.330261e+06	4	8.552202e-06	4	2.427914e-08	7.253500e-06	3196256300	8.714638e-06	1026028388	1.400000e-08	
8.429668e+06	4	9.236956e-06	109	2.193281e-08	8.714638e-06	474866315	9.467181e-06	1128056158	1.400000e-08	
8.464742e+06	1	1.626615e-05	28	7.679298e-07	3.311163e-05	38	9.925262e-06	
8.468583e+06	2	8.880168e-06	28	8.053426e-07	3.364085e-05	60	1.372149e-05	2909632847	1.723630e-08	
8.853414e+06	0	1.666530e-05	740082705	1.621395e-08	9.151726e-06	1218250404	8.714638e-06	
8.920535e+06	1	9.979446e-02	0	1.000000e+00	1.000000e-01	145	8.830890e-06	
8.930273e+06	1	3.882925e-05	61	1.152875e-06	3.791410e-05	94	2.282316e-05	
9.103583e+06	1	8.703384e-06	39	7.436333e-07	3.275867e-05	3187199216	8.966138e-06	
9.332083e+06	2	8.255795e-06	25	5.484410e-08	1.373778e-05	86	1.227362e-05	937177227	1.732908e-08	3393811039	1.732908e-08	
9.401830e+06	3	1.339250e-05	2173231515	1.621395e-08	8.714638e-06	37	8.714638e-06	611212867	1.400000e-08	
9.448925e+06	1	8.870914e-06	17	1.019807e-06	3.639536e-05	76	1.033768e-05	
9.527568e+06	1	3.668153e-05	61	1.168499e-06	3.808460e-05	132	9.039208e-06	
9.682232e+06	1	1.807863e-05	39	7.576333e-07	3.296297e-05	20	8.714638e-06	
9.682416e+06	3	9.359271e-06	3696193412	1.613586e-08	8.714638e-06	611212867	8.714638e-06	1104410542	1.400000e-08	
1.021926e+07	0	4.418730e-05	17	1.019807e-06	3.639536e-05	1804212609	8.714638e-06	
1.067872e+07	2	8.044079e-06	33	1.454693e-07	1.901650e-05	30	1.288208e-05	2328232000	2.760472e-08	
1.085428e+07	3	6.903785e-06	5	2.791860e-07	2.363222e-05	1639799867	9.467181e-06	2999719241	2.280108e-08	
1.115834e+07	0	2.482524e-05	5	2.791860e-07	2.363222e-05	2999719241	1.025318e-05	
1.144460e+07	0	3.961117e-05	17	1.019807e-06	3.639536e-05	112	9.404712e-06	
1.162560e+07	0	4.057525e-05	61	1.168499e-06	3.808460e-05	120	9.253859e-06	
1.180757e+07	0	3.856657e-05	28	8.053426e-07	3.364085e-05	1128056158	8.714638e-06	
1.189322e+07	4	4.296181e-06	112	1.884351e-08	8.714638e-06	310481256	8.966138e-06	1931993247	1.400000e-08	
1.189563e+07	4	6.726017e-06	2211003714	1.807964e-08	8.714638e-06	1218250404	8.714638e-06	1494850122	1.400000e-08	
1.193054e+07	3	1.448005e-05	49	2.735885e-08	1.089530e-05	147	8.798426e-06	3414514926	1.876364e-08	
1.207883e+07	1	1.627105e-05	17	1.037213e-06	3.660125e-05	1945448119	9.370683e-06	
1.216739e+07	0	3.127159e-05	5	2.791860e-07	2.363222e-05	551137729	8.981487e-06	
1.233901e+07	1	2.377112e-05	17	1.058801e-06	3.685345e-05	85	1.006810e-05	
1.240043e+07	1	3.084845e-05	17	1.075015e-06	3.704062e-05	740082705	9.151726e-06	
1.260727e+07	1	2.687964e-05	28	8.292129e-07	3.396998e-05	74	1.041099e-05	
1.263886e+07	3	1.267483e-05	89	2.593331e-08	8.714638e-06	100	9.669184e-06	2312786130	1.400000e-08	
1.305422e+07	1	2.148810e-05	28	8.432129e-07	3.416010e-05	1128056158	8.714638e-06	
1.308264e+07	1	9.683691e-02	0	1.000000e+00	1.000000e-01	26	1.322889e-05	
1.324861e+07	1	3.118946e-05	61	1.191161e-06	3.832924e-05	79	1.023238e-05	
1.338611e+07	4	4.693690e-06	78	1.400000e-08	7.062885e-06	65	1.073289e-05	3537925318	1.922597e-08	1634407402	1.922597e-08	
1.355375e+07	0	4.008061e-05	61	1.191161e-06	3.832924e-05	103	9.593350e-06	
1.362257e+07	3	1.173473e-05	104	2.140910e-08	8.714638e-06	119	9.274676e-06	3869596591	1.400000e-08	
1.364985e+07	0	1.553338e-05	4	2.427914e-08	7.253500e-06	73	1.044864e-05	
1.380104e+07	0	3.742843e-05	17	1.075015e-06	3.704062e-05	1804212609	8.714638e-06	
1.394875e+07	0	1.972616e-05	25	5.484410e-08	1.373778e-05	77	1.030198e-05	
1.396998e+07	3	1.457506e-05	128	1.601626e-08	8.714638e-06	1804212609	8.714638e-06	3375523036	1.400000e-08	
1.411790e+07	1	1.526949e-05	72	2.973015e-07	2.413269e-05	92	9.858575e-06	
1.429175e+07	0	2.776681e-05	5	2.791860e-07	2.363222e-05	551137729	8.981487e-06	
1.472541e+07	1	9.970956e-02	0	1.000000e+00	1.000000e-01	46	1.163244e-05	
1.491783e+07	1	2.337650e-05	5	3.034651e-07	2.429832e-05	4	7.253500e-06	
1.511070e+07	1	9.995392e-02	0	1.000000e+00	1.000000e-01	97	9.748112e-06	
1.529046e+07	1	1.880512e-05	5	3.262662e-07	2.489224e-05	2999719241	1.025318e-05	
1.564291e+07	3	2.072254e-05	5	3.239895e-07	2.483421e-05	551137729	8.981487e-06	772925454	1.760253e-08	
1.570644e+07	1	3.049241e-05	5	3.415920e-07	2.527605e-05	772925454	9.405857e-06	
1.660928e+07	1	2.103701e-05	17	1.094241e-06	3.726013e-05	3537925318	7.850589e-06	
1.674628e+07	1	2.312814e-05	5	3.578060e-07	2.566980e-05	2173231515	8.714638e-06	
1.697849e+07	3	1.049772e-05	33	1.246876e-07	1.806402e-05	84	1.009991e-05	2215785330	1.419182e-08	3491092596	1.419182e-08	57770090	1.419182e-08	
1.732769e+07	1	2.528741e-05	39	7.731847e-07	3.318698e-05	302486611	9.025330e-06	
1.767753e+07	4	7.027705e-06	51	1.400000e-08	8.714638e-06	1104410542	8.714638e-06	3071577057	1.561285e-08	1452489764	1.561285e-08	
1.811507e+07	4	9.190701e-06	108	1.973029e-08	8.714638e-06	1452489764	9.037204e-06	4260098875	1.400000e-08	
1.817164e+07	4	6.129737e-06	1026028388	1.400000e-08	7.253500e-06	2	7.870890e-06	
1.865460e+07	3	1.324402e-05	35	1.400000e-08	8.714638e-06	4260098875	8.714638e-06	3696843781	2.012431e-08	2138100036	2.012431e-08	
1.897079e+07	1	9.837466e-02	0	1.000000e+00	1.000000e-01	2795063678	8.714638e-06	
1.908763e+07	1	3.098588e-05	28	8.592291e-07	3.437502e-05	128	8.714638e-06	
1.939280e+07	3	1.101540e-05	89	1.525184e-08	7.301366e-06	108	8.714638e-06	1726701215	1.520588e-08	1412415798	1.520588e-08	
1.974607e+07	1	2.732099e-05	39	7.897260e-07	3.342198e-05	122	9.212915e-06	
2.000492e+07	0	4.162398e-05	17	1.094241e-06	3.726013e-05	109	8.714638e-06	
2.032528e+07	0	3.829406e-05	39	7.897260e-07	3.342198e-05	121	9.233274e-06	
2.057832e+07	1	9.951002e-02	0	1.000000e+00	1.000000e-01	3396227953	8.714638e-06	
2.125613e+07	3	1.038239e-05	937177227	1.853496e-08	8.714638e-06	1726701215	7.294024e-06	375852842	1.400000e-08	
2.127514e+07	0	1.549861e-05	54	2.985825e-08	1.121747e-05	3696193412	8.714638e-06	
2.154434e+07	1	2.414626e-05	28	8.744765e-07	3.457717e-05	3330100144	8.966138e-06	
2.173600e+07	1	2.003430e-05	17	1.114130e-06	3.748452e-05	2001290253	9.796576e-06	
2.195551e+07	0	4.303159e-05	39	7.897260e-07	3.342198e-05	67	1.064772e-05	
2.254155e+07	1	9.993743e-02	0	1.000001e+00	1.000000e-01	143	8.863963e-06	
2.302237e+07	0	1.665546e-05	848448836	1.613586e-08	9.137009e-06	3071577057	9.037204e-06	
2.311465e+07	1	9.973744e-02	0	1.000001e+00	1.000000e-01	91	9.887190e-06	
2.322758e+07	1	9.904940e-02	0	1.000001e+00	1.000000e-01	69	1.056582e-05	
2.359431e+07	1	2.412283e-05	28	8.933200e-07	3.482376e-05	112	8.714638e-06	
2.377604e+07	1	9.986118e-02	0	1.000001e+00	1.000000e-01	73	1.044864e-05	
2.429703e+07	1	6.601870e-06	17	1.131366e-06	3.767683e-05	2909632847	9.340168e-06	
2.475778e+07	0	2.337796e-05	16	1.237672e-07	1.801946e-05	375852842	8.714638e-06	
2.530743e+07	1	2.364783e-05	61	1.209696e-06	3.852702e-05	937177227	8.714638e-06	
2.540205e+07	0	3.028141e-05	5	3.578060e-07	2.566980e-05	1494850122	8.714638e-06	
2.562583e+07	0	8.832059e-06	3375523036	1.400000e-08	8.714638e-06	1931993247	8.714638e-06	
2.577102e+07	1	8.379265e-06	61	1.237301e-06	3.881788e-05	2328232000	1.092784e-05	
2.581897e+07	1	5.123997e-06	17	1.148179e-06	3.786255e-05	1078741991	9.263040e-06	
2.589548e+07	1	9.987562e-02	0	1.000001e+00	1.000000e-01	31	1.277608e-05	
2.601505e+07	1	9.960926e-02	0	1.000001e+00	1.000000e-01	3321237907	8.714638e-06	
2.610944e+07	1	1.363386e-05	28	9.132086e-07	3.508030e-05	3147695692	9.796576e-06	
2.611484e+07	0	3.964492e-05	17	1.148179e-06	3.786255e-05	1634407402	7.850589e-06	
2.641815e+07	3	1.999216e-05	5	2.820489e-07	2.371272e-05	54	1.121747e-05	3593732192	1.508791e-08	3888264012	1.508791e-08	313359544	1.508791e-08	217284033	1.508791e-08	2151269300	1.508791e-08	3913511150	1.508791e-08	2962530363	1.508791e-08	
2.643050e+07	1	2.177280e-05	5	2.971368e-07	2.412823e-05	313359544	8.934763e-06	
2.655183e+07	0	2.992909e-05	5	2.971368e-07	2.412823e-05	2962530363	8.934763e-06	
2.699065e+07	1	9.911015e-02	0	1.000001e+00	1.000000e-01	104	8.714638e-06	
2.708514e+07	1	3.108800e-05	17	1.162179e-06	3.801582e-05	1494850122	8.714638e-06	
2.711072e+07	1	9.964635e-02	0	1.000001e+00	1.000000e-01	57770090	8.754258e-06	
2.711237e+07	0	1.231285e-05	217284033	1.508791e-08	8.934763e-06	3888264012	8.934763e-06	
2.730506e+07	1	1.453050e-05	17	1.177267e-06	3.817962e-05	3593732192	8.934763e-06	
2.756571e+07	0	3.968870e-05	61	1.237301e-06	3.881788e-05	3414514926	9.608281e-06	
2.828242e+07	1	9.722768e-02	0	1.000001e+00	1.000000e-01	3414514926	9.608281e-06	
2.840193e+07	0	2.864701e-05	5	2.971368e-07	2.412823e-05	2151269300	8.934763e-06	
2.845690e+07	1	3.353473e-05	17	1.196544e-06	3.838688e-05	99	9.695138e-06	
2.911226e+07	1	9.884854e-02	0	1.000001e+00	1.000000e-01	144	8.847350e-06	
2.946898e+07	0	3.012496e-05	5	2.971368e-07	2.412823e-05	2151269300	8.934763e-06	
2.950643e+07	1	2.605758e-05	39	8.053389e-07	3.364079e-05	3071577057	9.037204e-06	
2.994814e+07	3	1.391467e-05	19	5.273001e-08	1.355895e-05	52	1.132852e-05	2063946235	1.975212e-08	1172086036	1.975212e-08	
3.000344e+07	1	1.231259e-05	61	1.254404e-06	3.899591e-05	2029773149	8.714638e-06	
3.084415e+07	1	9.949495e-02	0	1.000001e+00	1.000000e-01	115	9.338562e-06	
3.087052e+07	4	4.733877e-06	1412415798	1.520588e-08	7.095876e-06	3869596591	8.714638e-06	690117576	1.400000e-08	
3.193441e+07	1	2.478549e-05	17	1.210544e-06	3.853602e-05	690117576	7.095876e-06	
3.231750e+07	1	1.376971e-05	5	3.122247e-07	2.452990e-05	3913511150	8.934763e-06	
3.263959e+07	4	9.032248e-06	130	1.690481e-08	8.714638e-06	2151269300	8.934763e-06	3288380490	1.400000e-08	
3.319109e+07	3	1.766320e-05	90	3.075084e-08	1.132815e-05	848448836	9.137009e-06	845665321	2.426467e-08	
3.390905e+07	1	8.796484e-06	61	1.286626e-06	3.932699e-05	48	1.150601e-05	
3.416188e+07	1	1.000076e-01	0	1.000001e+00	1.000000e-01	152	8.735243e-06	
3.490266e+07	0	1.815266e-05	57	2.862284e-08	1.106057e-05	817087088	8.966138e-06	
3.507007e+07	1	2.026000e-05	28	9.400159e-07	3.542026e-05	63	1.082158e-05	
3.518890e+07	4	5.111434e-06	41	1.400000e-08	8.714638e-06	1634407402	7.850589e-06	3122982648	2.080770e-08	1471982444	2.080770e-08	
3.529024e+07	1	3.596792e-05	17	1.234808e-06	3.879179e-05	845665321	1.046803e-05	
3.612828e+07	0	2.528802e-05	5	3.122247e-07	2.452990e-05	217284033	8.934763e-06	
3.646045e+07	1	9.965894e-02	0	1.000001e+00	1.000000e-01	14	9.949043e-06	
3.689820e+07	1	9.999874e-02	0	1.000001e+00	1.000000e-01	217284033	8.934763e-06	
3.777604e+07	1	2.621286e-05	39	8.261466e-07	3.392806e-05	3122982648	9.945228e-06	
3.783959e+07	2	1.651996e-05	39	8.639364e-07	3.443768e-05	13	1.385641e-05	3303338876	1.848727e-08	
3.788620e+07	1	9.977490e-02	0	1.000001e+00	1.000000e-01	3491092596	8.754258e-06	
3.795634e+07	1	9.991534e-02	0	1.000001e+00	1.000000e-01	109	8.714638e-06	
3.836190e+07	0	3.810975e-05	72	2.973015e-07	2.413269e-05	33	1.806402e-05	
3.848325e+07	3	1.563478e-05	5	2.840107e-07	2.376758e-05	90	1.132815e-05	2875471576	1.474120e-08	1738909006	1.474120e-08	356405251	1.474120e-08	2879167783	1.474120e-08	
3.850176e+07	1	2.188223e-05	5	2.987519e-07	2.417187e-05	2879167783	8.865793e-06	
3.860229e+07	3	1.028403e-05	1471982444	2.080770e-08	8.714638e-06	3288380490	8.714638e-06	3083352544	1.400000e-08	
3.863790e+07	0	2.961037e-05	5	2.987519e-07	2.417187e-05	356405251	8.865793e-06	
3.890992e+07	0	2.867797e-05	149	1.723707e-07	2.012308e-05	67	1.064772e-05	
3.907597e+07	1	4.884368e-06	5	3.134931e-07	2.456307e-05	356405251	8.865793e-06	
3.950468e+07	1	9.967103e-02	0	1.000001e+00	1.000000e-01	2063946235	9.774125e-06	
3.950904e+07	1	2.849033e-05	17	1.249550e-06	3.894555e-05	2875471576	8.865793e-06	
3.956167e+07	1	1.164278e-05	5	3.282343e-07	2.494220e-05	1738909006	8.865793e-06	
4.086207e+07	0	2.983689e-05	5	3.282343e-07	2.494220e-05	3888264012	8.934763e-06	
4.114031e+07	1	3.790786e-05	17	1.264801e-06	3.910336e-05	89	7.301366e-06	
4.116105e+07	1	3.484169e-05	17	1.278801e-06	3.924711e-05	51	8.714638e-06	
4.218387e+07	0	3.509626e-05	138	1.512231e-07	1.926398e-05	16	1.801946e-05	
4.349696e+07	1	2.503087e-05	17	1.292801e-06	3.938982e-05	3083352544	8.714638e-06	
4.441400e+07	3	7.783552e-06	25	2.381007e-08	1.040224e-05	2215785330	8.754258e-06	4198169764	1.507528e-08	821115011	1.507528e-08	2118016430	1.507528e-08	
4.454589e+07	0	2.857010e-05	5	3.282343e-07	2.494220e-05	3888264012	8.934763e-06	
4.463143e+07	1	9.922971e-02	0	1.000001e+00	1.000000e-01	35	8.714638e-06	
4.504601e+07	0	2.634651e-05	33	1.246876e-07	1.806402e-05	1211996162	8.714638e-06	
4.511422e+07	3	2.185122e-05	5	3.260073e-07	2.488566e-05	1211996162	8.714638e-06	1945735688	1.622701e-08	
4.573042e+07	1	3.918413e-05	17	1.313609e-06	3.960002e-05	1471982444	8.714638e-06	
4.628583e+07	3	2.154555e-05	5	3.144065e-07	2.458690e-05	3888264012	8.934763e-06	4093093422	2.668875e-08	
4.649353e+07	1	9.887439e-02	0	1.000001e+00	1.000000e-01	2707128518	9.813379e-06	
4.687851e+07	1	1.663856e-05	72	3.134197e-07	2.456115e-05	126	9.133665e-06	
4.881204e+07	1	1.300402e-05	5	3.306335e-07	2.500282e-05	1945735688	9.154181e-06	
4.883015e+07	1	3.404188e-05	39	8.875532e-07	3.474867e-05	75	1.037401e-05	
4.890373e+07	1	1.963585e-05	39	9.036890e-07	3.495798e-05	3696193412	8.714638e-06	
5.309229e+07	1	1.382596e-05	28	9.580955e-07	3.564590e-05	2211003714	8.714638e-06	
5.420121e+07	0	3.041777e-05	5	3.306335e-07	2.500282e-05	3696843781	9.835136e-06	
5.573464e+07	1	8.170627e-06	17	1.327609e-06	3.974020e-05	78	7.062885e-06	
5.648610e+07	1	9.970161e-02	0	1.000001e+00	1.000000e-01	41	8.714638e-06	
5.716009e+07	0	4.156681e-05	17	1.327609e-06	3.974020e-05	4093093422	1.080561e-05	
5.767563e+07	0	4.064253e-05	61	1.286626e-06	3.932699e-05	821115011	8.932270e-06	
5.777793e+07	1	2.889349e-05	28	9.767718e-07	3.587603e-05	103	9.593350e-06	
5.865798e+07	4	6.532272e-06	57	1.400000e-08	8.714638e-06	130	8.714638e-06	2842015324	1.576382e-08	1249238030	1.576382e-08	
5.915201e+07	1	1.982990e-05	17	1.341609e-06	3.987941e-05	375852842	8.714638e-06	
5.919568e+07	0	2.637766e-05	72	3.134197e-07	2.456115e-05	821115011	8.932270e-06	
5.942541e+07	1	9.971167e-02	0	1.000001e+00	1.000000e-01	138	1.926398e-05	
6.010220e+07	1	3.086307e-05	61	1.306378e-06	3.952722e-05	1172086036	9.774125e-06	
6.089275e+07	2	2.754648e-05	17	1.461419e-06	4.103284e-05	149	2.012308e-05	3214077756	1.752016e-08	879162223	1.752016e-08	3884425642	1.752016e-08	
6.097046e+07	0	4.924178e-05	17	1.461419e-06	4.103284e-05	1249238030	9.066240e-06	
6.120074e+07	1	2.061778e-05	17	1.475419e-06	4.116346e-05	57	8.714638e-06	
6.149764e+07	0	4.975449e-05	17	1.475419e-06	4.116346e-05	879162223	9.391163e-06	
6.230710e+07	0	4.557851e-05	61	1.306378e-06	3.952722e-05	2312786130	8.714638e-06	
6.232871e+07	1	9.985613e-02	0	1.000001e+00	1.000000e-01	49	1.089530e-05	
6.278717e+07	3	1.565245e-05	879162223	1.752016e-08	8.714638e-06	2723643411	8.714638e-06	1149406307	1.400000e-08	
6.309353e+07	1	2.442890e-05	17	1.492940e-06	4.132575e-05	3214077756	9.391163e-06	
6.402373e+07	1	9.994773e-02	0	1.000001e+00	1.000000e-01	47	1.399545e-05	
6.545036e+07	1	3.175933e-05	61	1.324230e-06	3.970646e-05	110	9.450141e-06	
6.709372e+07	4	1.376013e-06	3696843781	2.364447e-08	8.714638e-06	879162223	8.714638e-06	3528332227	1.400000e-08	
6.818130e+07	1	9.989053e-02	0	1.000001e+00	1.000000e-01	25	1.040224e-05	
6.834858e+07	0	1.643696e-05	3528332227	1.400000e-08	8.714638e-06	1149406307	8.714638e-06	
6.853599e+07	0	4.201793e-05	39	9.036890e-07	3.495798e-05	2118016430	8.932270e-06	
6.911138e+07	1	9.870383e-02	0	1.000001e+00	1.000000e-01	2118016430	8.932270e-06	
6.982783e+07	3	1.863595e-05	5	3.206856e-07	2.474950e-05	1149406307	8.714638e-06	4004407106	2.394790e-08	
7.053252e+07	1	9.892587e-02	0	1.000001e+00	1.000000e-01	821115011	8.932270e-06	
7.161238e+07	0	3.472600e-05	5	3.206856e-07	2.474950e-05	4004407106	1.042227e-05	
7.274720e+07	1	1.079100e-05	61	1.350919e-06	3.997144e-05	4093093422	1.080561e-05	
7.425328e+07	1	9.907718e-02	0	1.000001e+00	1.000000e-01	2312786130	8.714638e-06	
7.435767e+07	1	9.982663e-02	0	1.000001e+00	1.000000e-01	101	9.643573e-06	
7.530021e+07	0	2.685863e-05	5	3.206856e-07	2.474950e-05	4004407106	1.042227e-05	
7.543780e+07	3	2.108208e-05	5	3.035956e-07	2.430180e-05	3696843781	8.714638e-06	451270221	2.036724e-08	3149440925	2.036724e-08	
7.543970e+07	1	9.962090e-06	5	3.239628e-07	2.483353e-05	451270221	9.874552e-06	
7.589510e+07	1	9.423381e-06	5	3.479107e-07	2.543095e-05	4004407106	1.042227e-05	
7.708430e+07	0	3.126463e-05	5	3.479107e-07	2.543095e-05	3149440925	9.874552e-06	
7.712309e+07	1	9.994112e-02	0	1.000001e+00	1.000000e-01	114	9.360353e-06	
7.714273e+07	1	9.913039e-02	0	1.000001e+00	1.000000e-01	153	8.719797e-06	
7.721814e+07	1	2.704178e-05	39	9.525044e-07	3.557643e-05	11	1.321475e-05	
7.902317e+07	0	4.476906e-05	61	1.350919e-06	3.997144e-05	1285693762	9.263040e-06	
7.932180e+07	0	4.184868e-05	17	1.492940e-06	4.132575e-05	4198169764	8.932270e-06	
7.967610e+07	1	9.997859e-02	0	1.000001e+00	1.000000e-01	3528332227	8.714638e-06	
8.265845e+07	0	2.790931e-05	5	3.479107e-07	2.543095e-05	3149440925	9.874552e-06	
8.404792e+07	1	9.875892e-02	0	1.000001e+00	1.000000e-01	1285693762	9.263040e-06	
8.453931e+07	0	2.456166e-05	72	3.134197e-07	2.456115e-05	3375523036	8.714638e-06	
8.502411e+07	3	1.350210e-05	3393811039	1.693642e-08	8.975144e-06	141	8.897663e-06	2250775120	1.529341e-08	
8.522079e+07	0	4.276898e-05	61	1.350919e-06	3.997144e-05	2138100036	9.835136e-06	
8.655273e+07	1	1.000034e-01	0	1.000001e+00	1.000000e-01	2962530363	8.934763e-06	
9.139146e+07	1	9.969107e-02	0	1.000001e+00	1.000000e-01	71	1.048698e-05	
9.175124e+07	1	9.952118e-02	0	1.000001e+00	1.000000e-01	1249238030	9.066240e-06	
9.175549e+07	1	9.987103e-02	0	1.000001e+00	1.000000e-01	1412415798	7.095876e-06	
9.295411e+07	1	1.904038e-05	28	9.907718e-07	3.604662e-05	3375523036	8.714638e-06	
9.309051e+07	0	4.412619e-05	17	1.492940e-06	4.132575e-05	4198169764	8.932270e-06	
9.347727e+07	1	9.972928e-02	0	1.000001e+00	1.000000e-01	3393811039	8.975144e-06	
9.371805e+07	1	9.874104e-02	0	1.000001e+00	1.000000e-01	134	8.714638e-06	
9.608344e+07	1	9.997575e-02	0	1.000001e+00	1.000000e-01	3642829293	9.813379e-06	
9.919723e+07	1	2.236871e-05	17	1.508015e-06	4.146438e-05	4198169764	8.932270e-06	
1.017164e+08	1	9.954579e-02	0	1.000001e+00	1.000000e-01	64	1.077678e-05	
1.045204e+08	1	3.546217e-05	17	1.523779e-06	4.160836e-05	2842015324	9.066240e-06	
1.047520e+08	1	9.998586e-02	0	1.000001e+00	1.000000e-01	2250775120	8.975144e-06	
1.065815e+08	0	3.295978e-05	5	3.479107e-07	2.543095e-05	3884425642	9.391163e-06	
1.121991e+08	1	9.977537e-02	0	1.000001e+00	1.000000e-01	98	9.721445e-06	
1.137033e+08	1	6.618395e-05	61	2.341691e-06	4.801569e-05	28	3.604662e-05	
1.169909e+08	1	9.957394e-02	0	1.000001e+00	1.000000e-01	42	1.190789e-05	
1.186605e+08	1	9.794513e-02	0	1.000002e+00	1.000001e-01	67	1.064772e-05	
1.204685e+08	1	9.982866e-02	0	1.000002e+00	1.000001e-01	1931993247	8.714638e-06	
1.249997e+08	2	3.470981e-05	17	1.790016e-06	4.390281e-05	5	2.543095e-05	1130108289	1.633468e-08	2177968201	1.633468e-08	2914302410	1.633468e-08	3655816389	1.633468e-08	3485819286	1.633468e-08	
1.250017e+08	1	8.750449e-06	17	1.806351e-06	4.403595e-05	3655816389	9.174384e-06	
1.251239e+08	1	3.306008e-05	17	1.822685e-06	4.416829e-05	2177968201	9.174384e-06	
1.256925e+08	3	9.896298e-06	72	1.496371e-07	1.919640e-05	19	1.355895e-05	1382686479	1.443417e-08	1803925302	1.443417e-08	3293059020	1.443417e-08	378125977	1.443417e-08	2159618959	1.443417e-08	2441325815	1.443417e-08	3401497744	1.443417e-08	4069401935	1.443417e-08	134948105	1.443417e-08	1998372786	1.443417e-08	2455922112	1.443417e-08	3059103076	1.443417e-08	432337108	1.443417e-08	1902671923	1.443417e-08	4209590891	1.443417e-08	
1.261492e+08	1	9.822057e-02	0	1.000002e+00	1.000001e-01	16	1.801946e-05	
1.263285e+08	1	9.980619e-02	0	1.000002e+00	1.000001e-01	2138100036	9.835136e-06	
1.269067e+08	1	9.962311e-02	0	1.000002e+00	1.000001e-01	117	9.317023e-06	
1.283333e+08	0	5.937701e-05	17	1.822685e-06	4.416829e-05	72	1.919640e-05	
1.284977e+08	0	4.917486e-05	17	1.822685e-06	4.416829e-05	134948105	8.803810e-06	
1.287025e+08	1	4.510868e-05	61	2.356125e-06	4.811415e-05	3059103076	8.803810e-06	
1.295216e+08	1	1.559898e-05	17	1.839020e-06	4.429984e-05	3485819286	9.174384e-06	
1.315105e+08	0	5.035790e-05	61	2.356125e-06	4.811415e-05	1382686479	8.803810e-06	
1.315600e+08	1	1.000049e-01	0	1.000002e+00	1.000001e-01	134948105	8.803810e-06	
1.331996e+08	1	9.958408e-02	0	1.000002e+00	1.000001e-01	3303338876	9.560874e-06	
1.338811e+08	1	1.000010e-01	0	1.000002e+00	1.000001e-01	1130108289	9.174384e-06	
1.355888e+08	1	9.994917e-02	0	1.000002e+00	1.000001e-01	378125977	8.803810e-06	
1.365042e+08	0	5.923371e-05	61	2.356125e-06	4.811415e-05	72	1.919640e-05	
1.373280e+08	2	4.088254e-05	17	1.926331e-06	4.499010e-05	72	1.919640e-05	77395223	1.558156e-08	3592986772	1.558156e-08	1246511018	1.558156e-08	3986570268	1.558156e-08	
1.380467e+08	1	1.000085e-01	0	1.000002e+00	1.000001e-01	1246511018	9.031161e-06	
1.386093e+08	1	1.542587e-05	61	2.370559e-06	4.821220e-05	4209590891	8.803810e-06	
1.394345e+08	1	9.977482e-02	0	1.000002e+00	1.000001e-01	1998372786	8.803810e-06	
1.401904e+08	1	9.999823e-02	0	1.000002e+00	1.000001e-01	3986570268	9.031161e-06	
1.420134e+08	1	9.984074e-02	0	1.000002e+00	1.000001e-01	3592986772	9.031161e-06	
1.424656e+08	1	9.883637e-02	0	1.000002e+00	1.000001e-01	2455922112	8.803810e-06	
1.434585e+08	1	9.984680e-02	0	1.000002e+00	1.000001e-01	3401497744	8.803810e-06	
1.460330e+08	1	9.988121e-02	0	1.000002e+00	1.000001e-01	4069401935	8.803810e-06	
1.562192e+08	0	5.190043e-05	17	1.926331e-06	4.499010e-05	1902671923	8.803810e-06	
1.564513e+08	1	2.814869e-05	17	1.940765e-06	4.510219e-05	1902671923	8.803810e-06	
1.566250e+08	0	4.561967e-05	17	1.940765e-06	4.510219e-05	77395223	9.031161e-06	
1.572332e+08	0	5.471454e-05	61	2.370559e-06	4.821220e-05	33	1.806402e-05	
1.573064e+08	0	5.342911e-05	17	1.940765e-06	4.510219e-05	2914302410	9.174384e-06	
1.578691e+08	0	4.616232e-05	17	1.940765e-06	4.510219e-05	77395223	9.031161e-06	
1.580298e+08	1	1.000072e-01	0	1.000002e+00	1.000001e-01	77395223	9.031161e-06	
1.593667e+08	1	9.998611e-02	0	1.000002e+00	1.000001e-01	2441325815	8.803810e-06	
1.635038e+08	1	9.999398e-02	0	1.000002e+00	1.000001e-01	2914302410	9.174384e-06	
1.647485e+08	1	9.997341e-02	0	1.000002e+00	1.000001e-01	2159618959	8.803810e-06	
1.672490e+08	1	9.925841e-02	0	1.000002e+00	1.000001e-01	125	9.153160e-06	
1.718869e+08	1	9.896191e-02	0	1.000002e+00	1.000001e-01	121	9.233274e-06	
1.775390e+08	1	9.951471e-02	0	1.000002e+00	1.000001e-01	120	9.253859e-06	
1.782015e+08	3	1.434856e-05	432337108	1.486835e-08	8.714638e-06	1803925302	8.803810e-06	174500547	1.400000e-08	
1.842174e+08	0	5.200006e-05	17	1.940765e-06	4.510219e-05	432337108	8.714638e-06	
1.882793e+08	0	5.391353e-05	61	2.370559e-06	4.821220e-05	1382686479	8.803810e-06	
1.903435e+08	1	9.983831e-02	0	1.000002e+00	1.000001e-01	1382686479	8.803810e-06	
1.907656e+08	1	9.953209e-02	0	1.000002e+00	1.000001e-01	118	9.295728e-06	
2.119126e+08	1	2.463715e-05	17	1.955633e-06	4.521708e-05	432337108	8.714638e-06	
2.480710e+08	1	9.965543e-02	0	1.000002e+00	1.000001e-01	33	1.806402e-05	
2.532580e+08	1	3.206383e-05	61	2.384559e-06	4.830692e-05	174500547	8.714638e-06	
2.543221e+08	1	1.000058e-01	0	1.000002e+00	1.000001e-01	3293059020	8.803810e-06	
