3.571413999999999802e-09
1.031458000000000017e-08
1.636853000000000158e-08
2.191061000000000154e-08
2.537532000000000199e-07
2.705275000000000049e-08
3.187106000000000058e-08
3.642014000000000282e-08
4.074071999999999743e-08
4.486420999999999804e-08
4.881537999999999940e-08
5.261420999999999796e-08
5.627710000000000039e-08
5.981768000000000389e-08
6.324745999999999823e-08
6.657623999999999715e-08
6.617258000000000477e-07
6.392274000000000585e-08
6.148036999999999746e-08
5.924524000000000251e-08
5.719097999999999931e-08
5.529561000000000237e-08
5.354062000000000076e-08
5.191034999999999869e-08
5.039139999999999951e-08
4.897226999999999678e-08
4.764303000000000148e-08
4.728660000000000204e-07
4.639505000000000224e-08
4.522078000000000108e-08
4.411359999999999871e-08
4.306768000000000280e-08
4.207784999999999982e-08
4.113952999999999887e-08
4.024862999999999980e-08
3.940147999999999741e-08
3.859481000000000147e-08
3.782564999999999831e-08
3.757398000000000172e-07
3.709132999999999707e-08
3.638943999999999713e-08
3.571777999999999864e-08
3.507434999999999934e-08
3.445733999999999798e-08
3.386507000000000163e-08
3.329602999999999881e-08
3.274881000000000326e-08
3.222212000000000081e-08
3.171477999999999913e-08
3.153104000000000042e-07
3.122570000000000147e-08
3.075386999999999691e-08
3.029834000000000024e-08
2.985825000000000202e-08
2.943279999999999870e-08
2.902122999999999947e-08
2.862283999999999956e-08
2.823698000000000024e-08
2.786303999999999894e-08
2.750045999999999914e-08
2.736075000000000100e-07
2.714871000000000064e-08
2.680726999999999980e-08
2.647568999999999876e-08
2.615351999999999966e-08
2.584036000000000071e-08
2.553580000000000027e-08
2.523949999999999913e-08
2.495108999999999847e-08
2.467025999999999872e-08
2.439669000000000046e-08
2.428677000000000248e-07
2.413010000000000046e-08
2.387020999999999878e-08
2.361675999999999859e-08
2.336949999999999959e-08
2.312820000000000126e-08
2.289262999999999977e-08
2.266259000000000084e-08
2.243787000000000040e-08
2.221828000000000074e-08
2.200364000000000075e-08
2.191473999999999921e-07
2.179376999999999928e-08
2.158852000000000146e-08
2.138772999999999931e-08
2.119123000000000148e-08
2.099889999999999952e-08
2.081059999999999843e-08
2.062618000000000001e-08
2.044553999999999886e-08
2.026853999999999999e-08
2.009508000000000129e-08
2.002157999999999868e-07
1.992505000000000080e-08
1.975832999999999995e-08
1.959482999999999984e-08
1.943446000000000156e-08
1.927710999999999983e-08
1.912270999999999879e-08
1.897115999999999966e-08
1.882238000000000009e-08
1.867630000000000095e-08
1.853283999999999987e-08
1.847095000000000037e-07
1.839192000000000115e-08
1.825346999999999901e-08
1.811744000000000067e-08
1.798374000000000060e-08
1.785232999999999929e-08
1.772314000000000090e-08
1.759609999999999965e-08
1.747116999999999934e-08
1.734829000000000069e-08
1.722741000000000100e-08
1.717450999999999991e-07
1.710848000000000087e-08
1.699144000000000104e-08
1.687625999999999855e-08
1.676288000000000074e-08
1.665126000000000150e-08
1.654136000000000129e-08
1.643314000000000060e-08
1.632655999999999992e-08
1.622157999999999973e-08
1.611815000000000064e-08
1.607234999999999899e-07
1.601625999999999945e-08
1.591585000000000021e-08
1.581689999999999984e-08
1.571937999999999871e-08
1.562324000000000074e-08
1.552846999999999942e-08
1.543502999999999855e-08
1.534288999999999850e-08
1.525201999999999962e-08
1.516239999999999884e-08
1.512230999999999957e-07
1.507398999999999997e-08
1.498677999999999982e-08
1.490074000000000039e-08
1.481585000000000028e-08
1.473206999999999998e-08
1.464938999999999960e-08
1.456777999999999950e-08
1.448722999999999982e-08
1.440770999999999925e-08
1.432919999999999969e-08
1.429378999999999872e-07
1.425167999999999974e-08
1.417513999999999950e-08
1.409953999999999948e-08
1.402487999999999965e-08
1.395114000000000028e-08
