3.214529999999999887e-01
3.619580000000000020e-01
3.983220000000000094e-01
4.316119999999999957e-01
4.524239999999999928e-01
4.625000000000000222e-01
4.914430000000000187e-01
5.187680000000000069e-01
5.447210000000000107e-01
5.694900000000000517e-01
5.932239999999999736e-01
6.160430000000000073e-01
6.380449999999999733e-01
6.593120000000000092e-01
6.799140000000000184e-01
6.999090000000000034e-01
7.029499999999999638e-01
7.193490000000000162e-01
7.382760000000000433e-01
7.567300000000000137e-01
7.747439999999999882e-01
7.923480000000000523e-01
8.095689999999999831e-01
8.264320000000000555e-01
8.429569999999999563e-01
8.591640000000000388e-01
8.750710000000000433e-01
8.794629999999999947e-01
8.906939999999999857e-01
9.060479999999999645e-01
9.211449999999999916e-01
9.359990000000000254e-01
9.506210000000000493e-01
9.650210000000000177e-01
9.792100000000000248e-01
9.931950000000000500e-01
1.006987000000000076e+00
1.020591999999999944e+00
1.025144000000000055e+00
1.034018000000000104e+00
1.047271999999999981e+00
1.060359999999999969e+00
1.073288999999999938e+00
1.086063999999999918e+00
1.098689999999999944e+00
1.111172000000000049e+00
1.123515999999999959e+00
1.135726000000000013e+00
1.147806000000000104e+00
1.152260999999999980e+00
1.159759999999999902e+00
1.171591999999999967e+00
1.183305999999999969e+00
1.194905000000000106e+00
1.206393000000000049e+00
1.217772000000000077e+00
1.229044999999999943e+00
1.240216999999999903e+00
1.251287999999999956e+00
1.262262999999999913e+00
1.266556000000000015e+00
1.273141999999999996e+00
1.283930000000000016e+00
1.294627999999999890e+00
1.305237999999999898e+00
1.315762000000000098e+00
1.326203000000000021e+00
1.336562000000000028e+00
1.346842000000000095e+00
1.357043999999999917e+00
1.367169999999999996e+00
1.371291999999999955e+00
1.377221000000000029e+00
1.387199000000000071e+00
1.397105999999999959e+00
1.406943999999999972e+00
1.416712999999999889e+00
1.426414999999999988e+00
1.436052000000000106e+00
1.445624000000000020e+00
1.455133000000000010e+00
1.464580999999999911e+00
1.468539000000000039e+00
1.473967999999999945e+00
1.483295999999999948e+00
1.492564999999999920e+00
1.501776999999999918e+00
1.510933000000000082e+00
1.520034000000000107e+00
1.529080999999999912e+00
1.538075000000000081e+00
1.547015999999999947e+00
1.555906000000000011e+00
1.559711000000000070e+00
1.564745000000000053e+00
1.573533999999999988e+00
1.582275000000000098e+00
1.590967999999999938e+00
1.599614000000000091e+00
1.608212999999999893e+00
1.616765999999999925e+00
1.625274000000000107e+00
1.633737999999999913e+00
1.642158999999999924e+00
1.645825000000000093e+00
1.650536000000000003e+00
1.658870999999999984e+00
1.667165000000000008e+00
1.675416999999999934e+00
1.683629000000000042e+00
1.691801000000000110e+00
1.699934000000000056e+00
1.708028000000000102e+00
1.716083999999999943e+00
1.724102000000000023e+00
1.727640999999999982e+00
1.732083000000000039e+00
1.740027999999999908e+00
1.747935999999999934e+00
1.755808999999999953e+00
1.763646999999999965e+00
1.771449999999999969e+00
1.779219000000000106e+00
1.786953999999999931e+00
1.794654999999999889e+00
1.802324000000000037e+00
1.805746000000000073e+00
1.809960000000000013e+00
1.817563999999999957e+00
1.825137000000000009e+00
1.832678000000000029e+00
1.840187999999999935e+00
1.847668000000000088e+00
1.855118000000000045e+00
1.862538000000000027e+00
1.869928000000000035e+00
1.877288999999999985e+00
1.880605000000000082e+00
1.884622000000000019e+00
1.891925999999999997e+00
1.899202000000000057e+00
1.906449999999999978e+00
1.913670999999999900e+00
1.920863999999999905e+00
1.928031000000000050e+00
1.935170999999999975e+00
1.942285000000000039e+00
1.949373999999999940e+00
1.952592000000000105e+00
1.956436000000000064e+00
1.963473000000000024e+00
1.970485000000000042e+00
1.977471999999999897e+00
1.984434000000000031e+00
