5.646958e+02	1	1.722676e-05	77	8.810000e-08	1.608911e-05	2.608106e-01	-7.525181e-01	6.165325e-03	6.165325e-03	4.405000e-08	1.276993e-05	2.608208e-01	-7.525115e-01	6.164305e-03	
8.737076e+02	1	1.585508e-05	141	8.810000e-08	1.608911e-05	7.121271e-01	5.509159e-01	-2.076082e-03	-2.076082e-03	4.405000e-08	1.276993e-05	7.121196e-01	5.509071e-01	-2.071620e-03	
9.719287e+02	1	1.922401e-05	110	8.810000e-08	1.608911e-05	-6.300964e-01	-5.417878e-01	-7.011457e-03	-7.011457e-03	4.405000e-08	1.276993e-05	-6.301037e-01	-5.417784e-01	-7.009939e-03	
1.034366e+03	1	1.155260e-05	126	8.810000e-08	1.608911e-05	7.798035e-01	4.154681e-01	-1.339913e-03	-1.339913e-03	4.405000e-08	1.276993e-05	7.797911e-01	4.154663e-01	-1.338425e-03	
1.385713e+03	1	2.462346e-05	92	8.810000e-08	1.608911e-05	5.867202e-01	-5.173414e-01	-3.201467e-03	-3.201467e-03	4.405000e-08	1.276993e-05	5.867130e-01	-5.173438e-01	-3.211503e-03	
2.814699e+03	1	1.634590e-05	126	1.762000e-07	2.027101e-05	-8.980914e-02	-8.698254e-01	-3.258544e-03	-3.258544e-03	8.810000e-08	1.608911e-05	-8.980571e-02	-8.698133e-01	-3.248789e-03	
2.880874e+03	1	7.698899e-06	76	8.810000e-08	1.608911e-05	1.928972e-01	-7.846469e-01	-9.273176e-03	-9.273176e-03	4.405000e-08	1.276993e-05	1.928985e-01	-7.846590e-01	-9.274442e-03	
4.565016e+03	1	1.380567e-05	144	8.810000e-08	1.608911e-05	-6.790718e-01	-5.847173e-01	-9.812736e-04	-9.812736e-04	4.405000e-08	1.276993e-05	-6.790770e-01	-5.847126e-01	-9.714091e-04	
5.032670e+03	1	1.186271e-05	62	8.810000e-08	1.608911e-05	5.617701e-01	-4.641689e-01	-6.069771e-03	-6.069771e-03	4.405000e-08	1.276993e-05	5.617599e-01	-4.641750e-01	-6.073604e-03	
7.375653e+03	1	9.845133e-06	115	8.810000e-08	1.608911e-05	7.371935e-01	2.788520e-01	-6.629886e-03	-6.629886e-03	4.405000e-08	1.276993e-05	7.371995e-01	2.788632e-01	-6.628872e-03	
8.012979e+03	1	2.183243e-05	68	8.810000e-08	1.608911e-05	3.756641e-01	-6.514782e-01	8.225113e-03	8.225113e-03	4.405000e-08	1.276993e-05	3.756703e-01	-6.514881e-01	8.221104e-03	
8.865021e+03	1	7.488020e-06	135	8.810000e-08	1.608911e-05	4.429375e-01	-7.587444e-01	3.795238e-03	3.795238e-03	4.405000e-08	1.276993e-05	4.429450e-01	-7.587530e-01	3.791193e-03	
9.280349e+03	1	1.884142e-05	68	1.321500e-07	1.841743e-05	-7.323699e-01	-2.044608e-01	1.257281e-03	1.257281e-03	4.405000e-08	1.276993e-05	-7.323664e-01	-2.044762e-01	1.266075e-03	
1.332323e+04	1	1.366491e-05	78	8.810000e-08	1.608911e-05	5.462538e-01	-5.465846e-01	-1.005917e-02	-1.005917e-02	4.405000e-08	1.276993e-05	5.462579e-01	-5.465816e-01	-1.007000e-02	
1.359408e+04	1	2.142284e-05	112	8.810000e-08	1.608911e-05	-5.532654e-01	-5.474617e-01	7.019276e-03	7.019276e-03	4.405000e-08	1.276993e-05	-5.532756e-01	-5.474543e-01	7.019116e-03	
1.408211e+04	1	1.787018e-05	35	8.810000e-08	1.608911e-05	-7.140612e-01	8.436051e-02	5.125711e-03	5.125711e-03	4.405000e-08	1.276993e-05	-7.140547e-01	8.436386e-02	5.116149e-03	
1.519386e+04	1	1.364592e-05	14	8.810000e-08	1.608911e-05	-2.842214e-01	-5.792792e-01	3.663838e-03	3.663838e-03	4.405000e-08	1.276993e-05	-2.842131e-01	-5.792808e-01	3.673035e-03	
1.581045e+04	1	1.102997e-05	74	8.810000e-08	1.608911e-05	5.943787e-01	-4.107633e-01	-6.881276e-03	-6.881276e-03	4.405000e-08	1.276993e-05	5.943671e-01	-4.107607e-01	-6.882686e-03	
1.646375e+04	1	6.954904e-06	68	1.762000e-07	2.027101e-05	6.368233e-01	-4.383066e-01	-6.943532e-03	-6.943532e-03	4.405000e-08	1.276993e-05	6.368317e-01	-4.383063e-01	-6.965297e-03	
1.719824e+04	1	1.503391e-05	126	2.202500e-07	2.183628e-05	5.898036e-01	-6.367732e-01	-8.461280e-03	-8.461280e-03	4.405000e-08	1.276993e-05	5.898028e-01	-6.367537e-01	-8.445961e-03	
1.988456e+04	1	1.364821e-05	112	1.762000e-07	2.027101e-05	-7.137805e-01	-3.358835e-01	-9.538612e-04	-9.538612e-04	8.810000e-08	1.608911e-05	-7.137683e-01	-3.358809e-01	-9.443866e-04	
2.968876e+04	1	7.266707e-06	60	8.810000e-08	1.608911e-05	-7.515494e-01	5.320680e-02	-1.975204e-04	-1.975204e-04	4.405000e-08	1.276993e-05	-7.515399e-01	5.321000e-02	-2.041189e-04	
3.243456e+04	1	1.341536e-05	82	8.810000e-08	1.608911e-05	3.845481e-01	-6.479810e-01	5.454459e-03	5.454459e-03	4.405000e-08	1.276993e-05	3.845523e-01	-6.479879e-01	5.463735e-03	
3.416129e+04	2	9.789476e-06	78	1.038985e-07	1.699847e-05	5.440744e-01	4.797985e-01	7.392101e-03	7.392101e-03	4.405000e-08	1.276993e-05	5.440511e-01	4.797705e-01	7.385334e-03	3687573659	2.825151e-08	
3.561225e+04	1	2.529551e-05	142	8.810000e-08	1.608911e-05	-6.189455e-01	-7.059527e-01	2.450232e-03	2.450232e-03	4.405000e-08	1.276993e-05	-6.189516e-01	-7.059529e-01	2.439123e-03	
4.908749e+04	1	1.645556e-05	86	8.810000e-08	1.608911e-05	5.996346e-01	-4.045196e-01	-1.245605e-02	-1.245605e-02	4.405000e-08	1.276993e-05	5.996257e-01	-4.045256e-01	-1.246185e-02	
5.323272e+04	1	1.218916e-05	86	1.321500e-07	1.841743e-05	3.010569e-01	-6.646789e-01	-5.307582e-03	-5.307582e-03	4.405000e-08	1.276993e-05	3.010479e-01	-6.646936e-01	-5.301588e-03	
6.106713e+04	0	2.021960e-05	49	4.405000e-08	1.276993e-05	1.511754e-01	-5.938005e-01	1.044839e-02	1.044839e-02	4.405000e-08	1.276993e-05	1.511939e-01	-5.937954e-01	1.043203e-02	
6.143941e+04	1	1.059415e-05	72	8.810000e-08	1.608911e-05	2.180923e-01	7.290887e-01	-1.535644e-02	-1.535644e-02	4.405000e-08	1.276993e-05	2.180889e-01	7.290864e-01	-1.536815e-02	
6.500477e+04	0	1.673628e-05	107	4.405000e-08	1.276993e-05	8.655398e-01	9.684088e-02	6.217101e-03	6.217101e-03	4.405000e-08	1.276993e-05	8.655571e-01	9.682384e-02	6.212182e-03	
7.049977e+04	1	1.543727e-05	14	1.321500e-07	1.841743e-05	4.043477e-01	-4.551317e-01	-3.735199e-03	-3.735199e-03	4.405000e-08	1.276993e-05	4.043576e-01	-4.551458e-01	-3.741177e-03	
8.448813e+04	0	2.426149e-05	28	4.405000e-08	1.276993e-05	7.577106e-01	2.180793e-01	-1.360908e-02	-1.360908e-02	4.405000e-08	1.276993e-05	7.577116e-01	2.180675e-01	-1.363095e-02	
8.746890e+04	0	2.250762e-05	113	4.405000e-08	1.276993e-05	7.276344e-01	-3.357837e-01	-7.823179e-03	-7.823179e-03	4.405000e-08	1.276993e-05	7.276574e-01	-3.357811e-01	-7.814683e-03	
8.847965e+04	1	2.719360e-05	68	2.202500e-07	2.183628e-05	4.436827e-01	-6.611897e-01	1.174534e-02	1.174534e-02	4.405000e-08	1.276993e-05	4.437012e-01	-6.611836e-01	1.172889e-02	
9.277256e+04	0	2.206805e-05	72	8.810000e-08	1.608911e-05	-6.944412e-01	6.661451e-02	-4.151896e-03	-4.151896e-03	4.405000e-08	1.276993e-05	-6.944287e-01	6.659158e-02	-4.144532e-03	
9.525786e+04	0	3.377598e-05	68	2.202500e-07	2.183628e-05	2.851100e-01	-7.164417e-01	-2.982453e-03	-2.982453e-03	4.405000e-08	1.276993e-05	2.850792e-01	-7.164463e-01	-2.968009e-03	
1.021375e+05	1	1.783864e-05	74	1.321500e-07	1.841743e-05	2.609300e-01	6.636494e-01	-6.089673e-03	-6.089673e-03	4.405000e-08	1.276993e-05	2.609440e-01	6.636370e-01	-6.088129e-03	
1.081361e+05	1	2.317524e-05	74	2.202500e-07	2.183628e-05	-7.437372e-01	9.480906e-02	4.153362e-03	4.153362e-03	8.810000e-08	1.608911e-05	-7.437530e-01	9.481671e-02	4.162151e-03	
1.130425e+05	0	1.879469e-05	107	4.405000e-08	1.276993e-05	-9.418005e-01	-2.561063e-01	4.199797e-03	4.199797e-03	4.405000e-08	1.276993e-05	-9.417988e-01	-2.561252e-01	4.183491e-03	
1.189412e+05	1	1.410587e-05	126	2.643000e-07	2.320451e-05	-7.424072e-01	-5.090972e-01	-1.611900e-03	-1.611900e-03	4.405000e-08	1.276993e-05	-7.424178e-01	-5.090989e-01	-1.587395e-03	
1.216887e+05	1	1.101771e-05	74	2.643000e-07	2.320451e-05	1.204162e-01	-7.689240e-01	1.965095e-03	1.965095e-03	4.405000e-08	1.276993e-05	1.204189e-01	-7.688980e-01	1.973211e-03	
1.251613e+05	0	2.149398e-05	106	4.405000e-08	1.276993e-05	-8.698380e-01	-4.531739e-02	1.144664e-02	1.144664e-02	4.405000e-08	1.276993e-05	-8.698274e-01	-4.532995e-02	1.142817e-02	
1.345437e+05	0	1.975970e-05	27	4.405000e-08	1.276993e-05	7.836858e-01	5.747686e-02	-1.848837e-03	-1.848837e-03	4.405000e-08	1.276993e-05	7.837014e-01	5.746405e-02	-1.862264e-03	
1.351835e+05	1	8.194900e-06	124	8.810000e-08	1.608911e-05	-1.245151e-01	6.891048e-01	-2.319780e-02	-2.319780e-02	4.405000e-08	1.276993e-05	-1.245109e-01	6.890973e-01	-2.320710e-02	
1.431852e+05	1	2.244311e-05	62	1.321500e-07	1.841743e-05	3.450794e-01	-7.657236e-01	1.626204e-03	1.626204e-03	4.405000e-08	1.276993e-05	3.450669e-01	-7.657219e-01	1.612235e-03	
1.551379e+05	1	2.818698e-05	142	1.321500e-07	1.841743e-05	8.413371e-01	-2.648079e-01	-2.796252e-03	-2.796252e-03	4.405000e-08	1.276993e-05	8.413424e-01	-2.648027e-01	-2.778512e-03	
1.572924e+05	1	9.090687e-06	125	8.810000e-08	1.608911e-05	8.025191e-01	-6.288679e-02	8.764115e-03	8.764115e-03	4.405000e-08	1.276993e-05	8.025154e-01	-6.288228e-02	8.753562e-03	
1.673334e+05	2	5.817202e-06	126	3.599676e-07	2.572139e-05	3.795327e-01	-8.491842e-01	-1.761388e-02	-1.761388e-02	1.321500e-07	1.841743e-05	3.795672e-01	-8.491836e-01	-1.763463e-02	3196256300	3.648238e-08	
1.678562e+05	1	1.064271e-05	141	1.321500e-07	1.841743e-05	-6.680269e-01	2.948140e-01	-1.261501e-02	-1.261501e-02	4.405000e-08	1.276993e-05	-6.680100e-01	2.948180e-01	-1.261056e-02	
1.730546e+05	0	2.086758e-05	107	4.405000e-08	1.276993e-05	-7.104601e-01	4.073009e-01	-5.126882e-03	-5.126882e-03	4.405000e-08	1.276993e-05	-7.104680e-01	4.073220e-01	-5.135856e-03	
1.747403e+05	0	2.117755e-05	109	4.405000e-08	1.276993e-05	-7.394009e-01	-1.182170e-01	2.458553e-02	2.458553e-02	4.405000e-08	1.276993e-05	-7.393931e-01	-1.182276e-01	2.456441e-02	
1.904320e+05	0	2.573046e-05	68	2.202500e-07	2.183628e-05	-7.427499e-01	-2.354809e-01	1.475427e-02	1.475427e-02	4.405000e-08	1.276993e-05	-7.427415e-01	-2.354837e-01	1.478697e-02	
1.920834e+05	0	2.292023e-05	143	4.405000e-08	1.276993e-05	-8.986871e-01	-4.278103e-01	2.568921e-02	2.568921e-02	4.405000e-08	1.276993e-05	-8.987060e-01	-4.278102e-01	2.567227e-02	
1.960401e+05	0	1.407338e-05	129	4.405000e-08	1.276993e-05	-1.732287e-01	6.613386e-01	5.190200e-04	5.190200e-04	4.405000e-08	1.276993e-05	-1.732391e-01	6.613613e-01	5.183689e-04	
2.071844e+05	0	2.450921e-05	39	4.405000e-08	1.276993e-05	-4.128009e-01	5.790894e-01	-1.024577e-02	-1.024577e-02	4.405000e-08	1.276993e-05	-4.128015e-01	5.791056e-01	-1.026486e-02	
2.135142e+05	1	1.351226e-05	144	1.245824e-07	1.805894e-05	-6.373918e-01	7.816890e-01	2.378737e-02	2.378737e-02	3.648238e-08	1.199226e-05	-6.374103e-01	7.816938e-01	2.379227e-02	
2.156769e+05	0	2.686260e-05	141	1.321500e-07	1.841743e-05	6.557153e-01	-1.987270e-01	-1.046400e-02	-1.046400e-02	4.405000e-08	1.276993e-05	6.557171e-01	-1.987072e-01	-1.044136e-02	
2.249832e+05	0	3.088481e-05	141	1.321500e-07	1.841743e-05	-6.494626e-01	7.638103e-02	-1.399297e-02	-1.399297e-02	4.405000e-08	1.276993e-05	-6.494730e-01	7.636834e-02	-1.396671e-02	
2.339961e+05	0	1.727322e-05	49	4.405000e-08	1.276993e-05	1.068630e-01	6.873096e-01	-3.214031e-03	-3.214031e-03	4.405000e-08	1.276993e-05	1.068410e-01	6.873011e-01	-3.222675e-03	
2.447586e+05	1	3.754203e-05	126	4.040176e-07	2.673048e-05	1.690427e-01	-8.828944e-01	-2.085087e-03	-2.085087e-03	4.405000e-08	1.276993e-05	1.690526e-01	-8.829103e-01	-2.056667e-03	
2.750480e+05	3	9.171026e-06	88	3.853618e-08	1.221320e-05	4.992518e-01	-3.510521e-01	1.516433e-02	1.516433e-02	4.405000e-08	1.276993e-05	4.992613e-01	-3.510591e-01	1.516580e-02	848448836	2.478191e-08	2211003714	2.478191e-08	
2.770954e+05	1	2.221540e-05	86	1.762000e-07	2.027101e-05	4.860761e-01	-7.537043e-01	-1.102617e-02	-1.102617e-02	4.405000e-08	1.276993e-05	4.860829e-01	-7.536825e-01	-1.102611e-02	
2.902426e+05	0	2.465308e-05	133	4.405000e-08	1.276993e-05	-8.108209e-01	2.226461e-01	-7.602909e-03	-7.602909e-03	4.405000e-08	1.276993e-05	-8.108208e-01	2.226506e-01	-7.627463e-03	
3.025736e+05	0	1.440623e-05	52	4.405000e-08	1.276993e-05	-1.841894e-01	7.129006e-01	2.259624e-02	2.259624e-02	4.405000e-08	1.276993e-05	-1.841714e-01	7.128842e-01	2.259098e-02	
3.097649e+05	1	2.893914e-05	68	3.083500e-07	2.442800e-05	6.444583e-01	3.484950e-01	-1.386112e-02	-1.386112e-02	8.810000e-08	1.608911e-05	6.444568e-01	3.485106e-01	-1.384058e-02	
3.115735e+05	0	2.951147e-05	68	3.083500e-07	2.442800e-05	-5.967773e-01	3.854492e-01	1.364912e-02	1.364912e-02	4.405000e-08	1.276993e-05	-5.968072e-01	3.854283e-01	1.365590e-02	
3.353012e+05	0	1.696323e-05	4	4.405000e-08	1.276993e-05	1.697695e-01	6.029013e-01	-2.784177e-02	-2.784177e-02	4.405000e-08	1.276993e-05	1.697666e-01	6.029086e-01	-2.781936e-02	
3.477344e+05	1	2.853624e-05	14	1.762000e-07	2.027101e-05	1.714302e-01	-6.850727e-01	-1.020451e-02	-1.020451e-02	4.405000e-08	1.276993e-05	1.714099e-01	-6.850658e-01	-1.019663e-02	
3.518889e+05	1	3.563164e-05	126	4.480676e-07	2.766864e-05	-9.110754e-01	-1.798378e-01	-9.138138e-03	-9.138138e-03	4.405000e-08	1.276993e-05	-9.111040e-01	-1.798269e-01	-9.121692e-03	
3.556184e+05	0	2.172121e-05	88	3.853618e-08	1.221320e-05	2.320644e-01	-6.295335e-01	1.179902e-02	1.179902e-02	2.825151e-08	1.101253e-05	2.320543e-01	-6.295287e-01	1.177915e-02	
3.588279e+05	0	3.068468e-05	112	1.762000e-07	2.027101e-05	-7.914111e-01	6.652645e-02	-8.007646e-03	-8.007646e-03	4.405000e-08	1.276993e-05	-7.913909e-01	6.650572e-02	-7.994544e-03	
3.625994e+05	0	2.552879e-05	112	1.762000e-07	2.027101e-05	6.687636e-01	4.872405e-01	-6.434447e-03	-6.434447e-03	4.405000e-08	1.276993e-05	6.687536e-01	4.872636e-01	-6.416239e-03	
3.651340e+05	1	2.429861e-05	86	2.643000e-07	2.320451e-05	8.172843e-02	8.725984e-01	-2.355314e-02	-2.355314e-02	8.810000e-08	1.608911e-05	8.171127e-02	8.725902e-01	-2.353935e-02	
3.657155e+05	0	2.850207e-05	82	8.810000e-08	1.608911e-05	5.932982e-01	4.958380e-01	-1.077125e-02	-1.077125e-02	4.405000e-08	1.276993e-05	5.933265e-01	4.958341e-01	-1.077436e-02	
3.828383e+05	2	1.088207e-05	95	4.832078e-08	1.316997e-05	-4.863863e-01	-3.637749e-01	4.842272e-03	4.842272e-03	4.405000e-08	1.276993e-05	-4.863619e-01	-3.637625e-01	4.817709e-03	2916276788	3.977922e-08	
3.843150e+05	2	7.674226e-06	122	4.739833e-08	1.308562e-05	-4.823243e-01	6.245141e-01	2.557285e-03	2.557285e-03	4.405000e-08	1.276993e-05	-4.823398e-01	6.245481e-01	2.559176e-03	3696193412	4.070167e-08	
3.904835e+05	0	1.788212e-05	104	4.405000e-08	1.276993e-05	4.512420e-01	6.531408e-01	-4.461072e-03	-4.461072e-03	4.405000e-08	1.276993e-05	4.512342e-01	6.531181e-01	-4.469663e-03	
3.927173e+05	0	2.681990e-05	142	1.321500e-07	1.841743e-05	7.501962e-01	-2.571601e-01	-1.206860e-02	-1.206860e-02	4.405000e-08	1.276993e-05	7.502163e-01	-2.571406e-01	-1.205559e-02	
4.014276e+05	3	4.399789e-06	28	2.202500e-08	1.013550e-05	2.774230e-01	-6.147485e-01	1.165134e-02	1.165134e-02	2.478191e-08	1.054188e-05	2.774244e-01	-6.147421e-01	1.163853e-02	15308464	2.340345e-08	1239307652	2.340345e-08	
4.127478e+05	0	2.135994e-05	99	4.405000e-08	1.276993e-05	-9.179683e-01	-2.013975e-01	3.882464e-02	3.882464e-02	4.405000e-08	1.276993e-05	-9.179703e-01	-2.013782e-01	3.884002e-02	
4.168105e+05	0	2.086073e-05	33	4.405000e-08	1.276993e-05	1.648654e-01	5.360986e-01	1.283390e-03	1.283390e-03	4.405000e-08	1.276993e-05	1.648715e-01	5.360756e-01	1.292503e-03	
4.177846e+05	1	1.758189e-05	74	3.083500e-07	2.442800e-05	-4.522211e-01	4.441657e-01	-5.347627e-03	-5.347627e-03	4.405000e-08	1.276993e-05	-4.522067e-01	4.441799e-01	-5.368700e-03	
4.189551e+05	0	2.703938e-05	74	3.083500e-07	2.442800e-05	-1.762445e-02	-6.117682e-01	4.153916e-03	4.153916e-03	4.832078e-08	1.316997e-05	-1.759185e-02	-6.117678e-01	4.137583e-03	
4.206629e+05	0	2.483751e-05	86	2.643000e-07	2.320451e-05	8.718867e-01	-1.575703e-01	-9.148509e-03	-9.148509e-03	4.405000e-08	1.276993e-05	8.718985e-01	-1.575988e-01	-9.132642e-03	
4.231673e+05	0	2.671610e-05	141	1.321500e-07	1.841743e-05	8.477671e-02	-5.751449e-01	3.628486e-04	3.628486e-04	4.405000e-08	1.276993e-05	8.477876e-02	-5.751639e-01	3.874800e-04	
4.238059e+05	0	1.501286e-05	29	4.405000e-08	1.276993e-05	-5.494614e-01	-4.538611e-03	2.171639e-02	2.171639e-02	4.405000e-08	1.276993e-05	-5.494438e-01	-4.526862e-03	2.172800e-02	
4.330305e+05	1	2.910594e-05	68	3.524000e-07	2.553987e-05	5.191284e-01	4.715708e-01	1.966613e-02	1.966613e-02	4.405000e-08	1.276993e-05	5.191313e-01	4.715405e-01	1.967299e-02	
4.389790e+05	0	2.106482e-05	106	4.405000e-08	1.276993e-05	-4.898900e-03	-7.013976e-01	-3.507305e-02	-3.507305e-02	4.405000e-08	1.276993e-05	-4.922482e-03	-7.013991e-01	-3.506492e-02	
4.467247e+05	1	2.285520e-05	74	3.524000e-07	2.553987e-05	-4.002631e-01	-4.577868e-01	1.350195e-03	1.350195e-03	4.405000e-08	1.276993e-05	-4.002856e-01	-4.577892e-01	1.329436e-03	
4.506573e+05	2	8.576217e-06	123	4.642419e-08	1.299535e-05	-1.502826e-01	7.193226e-01	6.820416e-03	6.820416e-03	4.405000e-08	1.276993e-05	-1.503021e-01	7.193462e-01	6.841008e-03	1945448119	4.167581e-08	
4.736244e+05	1	1.075087e-05	141	1.762000e-07	2.027101e-05	-4.447485e-01	-3.592851e-01	7.646957e-03	7.646957e-03	4.405000e-08	1.276993e-05	-4.447632e-01	-3.592868e-01	7.630848e-03	
4.747067e+05	1	3.516655e-05	126	4.921176e-07	2.854716e-05	-8.886085e-01	-5.667042e-02	1.079541e-02	1.079541e-02	4.405000e-08	1.276993e-05	-8.886345e-01	-5.664877e-02	1.080471e-02	
4.825446e+05	0	2.373144e-05	133	4.405000e-08	1.276993e-05	3.814742e-01	-7.225768e-01	-1.134437e-02	-1.134437e-02	4.405000e-08	1.276993e-05	3.814756e-01	-7.225533e-01	-1.135257e-02	
4.885251e+05	0	2.383997e-05	77	8.810000e-08	1.608911e-05	-6.291395e-01	-1.288894e-01	1.792785e-02	1.792785e-02	4.070167e-08	1.243781e-05	-6.291408e-01	-1.288991e-01	1.790183e-02	
5.270369e+05	0	2.317462e-05	85	4.405000e-08	1.276993e-05	-5.480543e-01	-5.469254e-01	1.987226e-02	1.987226e-02	4.405000e-08	1.276993e-05	-5.480496e-01	-5.469357e-01	1.984994e-02	
5.521812e+05	2	7.771754e-06	35	1.048577e-07	1.705062e-05	-1.027217e+00	-2.226011e-01	-1.112559e-02	-1.112559e-02	4.405000e-08	1.276993e-05	-1.027182e+00	-2.225961e-01	-1.113665e-02	3396227953	2.729229e-08	
5.809394e+05	0	1.862157e-05	6	4.405000e-08	1.276993e-05	1.888223e-01	-7.487690e-01	-3.876713e-02	-3.876713e-02	2.340345e-08	1.034269e-05	1.888405e-01	-7.487588e-01	-3.875788e-02	
6.151385e+05	2	1.661093e-05	112	1.942938e-07	2.094239e-05	9.893672e-02	-7.291072e-01	-2.878848e-02	-2.878848e-02	4.405000e-08	1.276993e-05	9.894403e-02	-7.291295e-01	-2.881922e-02	3321237907	2.595621e-08	
6.168736e+05	0	1.949498e-05	59	4.405000e-08	1.276993e-05	-3.203421e-01	-6.975231e-01	-1.722583e-02	-1.722583e-02	4.405000e-08	1.276993e-05	-3.203303e-01	-6.975446e-01	-1.722332e-02	
6.240630e+05	0	2.627983e-05	72	8.810000e-08	1.608911e-05	-8.142695e-01	1.482603e-01	6.587926e-04	6.587926e-04	4.405000e-08	1.276993e-05	-8.142889e-01	1.482452e-01	6.725664e-04	
6.247702e+05	0	1.547781e-05	69	4.405000e-08	1.276993e-05	-7.767059e-01	-2.976883e-02	1.045864e-02	1.045864e-02	4.405000e-08	1.276993e-05	-7.766911e-01	-2.977626e-02	1.044067e-02	
6.477991e+05	1	4.147299e-06	126	5.361676e-07	2.937471e-05	-6.728555e-01	6.024951e-01	-1.594416e-03	-1.594416e-03	4.405000e-08	1.276993e-05	-6.728794e-01	6.025210e-01	-1.597534e-03	
6.707345e+05	0	2.041741e-05	144	1.245824e-07	1.805894e-05	9.057295e-02	8.840443e-01	2.475954e-02	2.475954e-02	4.405000e-08	1.276993e-05	9.057003e-02	8.840519e-01	2.478913e-02	
6.849666e+05	0	2.031241e-05	85	4.405000e-08	1.276993e-05	6.941878e-01	-3.642387e-01	1.611410e-02	1.611410e-02	4.405000e-08	1.276993e-05	6.941804e-01	-3.642574e-01	1.612915e-02	
6.966532e+05	1	2.759164e-05	68	3.964500e-07	2.656253e-05	2.849357e-01	6.096223e-01	-1.010761e-02	-1.010761e-02	4.405000e-08	1.276993e-05	2.849625e-01	6.096048e-01	-1.010997e-02	
7.009544e+05	0	1.768570e-05	130	4.405000e-08	1.276993e-05	8.627160e-01	2.633750e-01	-9.961611e-03	-9.961611e-03	4.405000e-08	1.276993e-05	8.627291e-01	2.633942e-01	-9.970696e-03	
7.070190e+05	0	1.755639e-05	125	8.810000e-08	1.608911e-05	-9.640667e-01	7.207642e-02	-1.791620e-02	-1.791620e-02	4.405000e-08	1.276993e-05	-9.640644e-01	7.205149e-02	-1.790663e-02	
7.114453e+05	1	2.198454e-05	74	3.964500e-07	2.656253e-05	-4.225129e-01	-4.290146e-01	1.705796e-03	1.705796e-03	4.405000e-08	1.276993e-05	-4.224870e-01	-4.290077e-01	1.724931e-03	
7.206595e+05	0	2.309656e-05	136	4.405000e-08	1.276993e-05	2.471147e-01	7.729035e-01	-3.623100e-02	-3.623100e-02	4.405000e-08	1.276993e-05	2.470932e-01	7.728978e-01	-3.624157e-02	
7.598298e+05	1	3.456768e-05	126	5.802176e-07	3.015808e-05	8.111540e-01	-3.057898e-01	-4.937818e-03	-4.937818e-03	4.405000e-08	1.276993e-05	8.111612e-01	-3.058228e-01	-4.921427e-03	
7.825286e+05	0	2.404771e-05	83	4.405000e-08	1.276993e-05	3.827815e-01	8.246424e-01	-3.513650e-02	-3.513650e-02	4.405000e-08	1.276993e-05	3.827678e-01	8.246209e-01	-3.513549e-02	
8.036548e+05	0	3.125268e-05	141	1.762000e-07	2.027101e-05	-5.265851e-01	-3.553014e-01	8.252407e-03	8.252407e-03	8.810000e-08	1.608911e-05	-5.266146e-01	-3.553149e-01	8.236699e-03	
8.060085e+05	0	2.198490e-05	13	4.405000e-08	1.276993e-05	4.741275e-01	-1.021366e-01	-1.675763e-03	-1.675763e-03	2.478191e-08	1.054188e-05	4.741466e-01	-1.021246e-01	-1.672865e-03	
8.271622e+05	0	3.132681e-05	86	2.643000e-07	2.320451e-05	-8.131724e-01	-2.663242e-01	-9.354153e-03	-9.354153e-03	4.405000e-08	1.276993e-05	-8.132002e-01	-2.663204e-01	-9.333234e-03	
8.392337e+05	0	2.122118e-05	77	8.810000e-08	1.608911e-05	-2.693128e-01	-4.970157e-01	-6.597692e-03	-6.597692e-03	4.405000e-08	1.276993e-05	-2.693249e-01	-4.969975e-01	-6.579775e-03	
8.658575e+05	0	2.944295e-05	74	3.964500e-07	2.656253e-05	4.419752e-01	2.801108e-01	-2.560952e-03	-2.560952e-03	4.405000e-08	1.276993e-05	4.419672e-01	2.800854e-01	-2.587260e-03	
8.695942e+05	0	2.604973e-05	76	8.810000e-08	1.608911e-05	-5.749733e-01	-2.758712e-01	3.567643e-02	3.567643e-02	2.478191e-08	1.054188e-05	-5.749694e-01	-2.758922e-01	3.569155e-02	
8.819357e+05	0	2.882878e-05	82	8.810000e-08	1.608911e-05	-7.793149e-01	1.853856e-01	2.351240e-02	2.351240e-02	4.405000e-08	1.276993e-05	-7.793053e-01	1.853869e-01	2.353959e-02	
8.946747e+05	0	2.270641e-05	107	4.405000e-08	1.276993e-05	-2.253742e-01	-8.049528e-01	-8.082947e-02	-8.082947e-02	4.405000e-08	1.276993e-05	-2.253875e-01	-8.049653e-01	-8.081173e-02	
9.159384e+05	0	2.090673e-05	121	4.405000e-08	1.276993e-05	-5.845427e-01	-6.398810e-01	-5.452260e-02	-5.452260e-02	4.405000e-08	1.276993e-05	-5.845413e-01	-6.398702e-01	-5.450104e-02	
9.270587e+05	1	1.531957e-05	125	1.321500e-07	1.841743e-05	8.758368e-01	4.442778e-01	3.317132e-03	3.317132e-03	4.405000e-08	1.276993e-05	8.758248e-01	4.442892e-01	3.324830e-03	
9.423555e+05	0	1.326432e-05	129	4.405000e-08	1.276993e-05	5.300035e-01	-6.963800e-01	1.221424e-02	1.221424e-02	4.167581e-08	1.253626e-05	5.300192e-01	-6.963961e-01	1.220603e-02	
9.721113e+05	2	2.400151e-05	74	4.614633e-07	2.794167e-05	-4.379572e-01	4.646480e-01	9.856334e-03	9.856334e-03	8.810000e-08	1.608911e-05	-4.379743e-01	4.646840e-01	9.859412e-03	3187199216	2.308671e-08	
1.064498e+06	4	3.533086e-06	123	2.202500e-08	1.013550e-05	2.717381e-01	-6.084610e-01	1.576622e-02	1.576622e-02	4.405000e-08	1.276993e-05	2.717470e-01	-6.084698e-01	1.576558e-02	3330100144	2.281640e-08	310481256	2.281640e-08	817087088	2.281640e-08	
1.081978e+06	1	1.008095e-05	74	4.834883e-07	2.837932e-05	-5.951133e-01	7.745676e-02	-1.593637e-03	-1.593637e-03	2.202500e-08	1.013550e-05	-5.951485e-01	7.746349e-02	-1.595638e-03	
1.144664e+06	1	1.699060e-05	112	2.383438e-07	2.241857e-05	3.478899e-01	-7.623038e-01	5.054199e-02	5.054199e-02	4.405000e-08	1.276993e-05	3.478789e-01	-7.623157e-01	5.052179e-02	
1.146222e+06	0	3.537588e-05	86	2.643000e-07	2.320451e-05	8.411146e-01	-2.770803e-01	2.828153e-02	2.828153e-02	4.405000e-08	1.276993e-05	8.411260e-01	-2.770498e-01	2.829598e-02	
1.188839e+06	1	2.097516e-05	141	2.202500e-07	2.183628e-05	2.855449e-01	6.582841e-01	-6.449850e-03	-6.449850e-03	4.405000e-08	1.276993e-05	2.855249e-01	6.582678e-01	-6.448742e-03	
1.218441e+06	0	1.842555e-05	138	4.405000e-08	1.276993e-05	-5.745416e-01	-2.005531e-01	2.982229e-02	2.982229e-02	2.281640e-08	1.025547e-05	-5.745311e-01	-2.005370e-01	2.983230e-02	
1.235366e+06	1	2.250826e-05	68	4.405000e-07	2.751199e-05	1.709912e-01	7.469495e-01	2.679422e-02	2.679422e-02	4.405000e-08	1.276993e-05	1.710026e-01	7.469234e-01	2.681356e-02	
1.236069e+06	1	2.794234e-05	74	5.117398e-07	2.892165e-05	-5.222692e-01	1.940139e-01	-1.207479e-02	-1.207479e-02	2.825151e-08	1.101253e-05	-5.222529e-01	1.939842e-01	-1.206551e-02	
1.276796e+06	0	3.068422e-05	126	5.802176e-07	3.015808e-05	4.640113e-01	-8.192714e-01	2.747686e-02	2.747686e-02	4.405000e-08	1.276993e-05	4.639953e-01	-8.192691e-01	2.744018e-02	
1.286557e+06	0	2.251423e-05	100	4.405000e-08	1.276993e-05	5.652827e-01	-5.287871e-01	4.577064e-02	4.577064e-02	4.405000e-08	1.276993e-05	5.652727e-01	-5.287679e-01	4.575856e-02	
1.324132e+06	1	1.077027e-05	126	6.242676e-07	3.090274e-05	4.769002e-01	7.813615e-01	1.579900e-02	1.579900e-02	4.405000e-08	1.276993e-05	4.768681e-01	7.813620e-01	1.581900e-02	
1.417317e+06	3	1.280383e-05	138	3.792280e-08	1.214806e-05	-6.405345e-01	-1.590976e-01	-3.865183e-02	-3.865183e-02	2.281640e-08	1.025547e-05	-6.405542e-01	-1.591245e-01	-3.866509e-02	551137729	2.894360e-08	
1.548342e+06	0	3.336383e-05	126	6.242676e-07	3.090274e-05	-1.324651e-01	-8.439338e-01	-2.756430e-03	-2.756430e-03	8.810000e-08	1.608911e-05	-1.324281e-01	-8.439544e-01	-2.773521e-03	
1.613787e+06	1	1.158012e-05	74	5.557898e-07	2.972876e-05	6.240180e-01	-1.081468e-01	-1.277311e-03	-1.277311e-03	4.405000e-08	1.276993e-05	6.239864e-01	-1.081577e-01	-1.294710e-03	
1.653976e+06	0	2.443778e-05	94	4.405000e-08	1.276993e-05	-9.367547e-01	3.311925e-01	8.562902e-03	8.562902e-03	4.405000e-08	1.276993e-05	-9.367543e-01	3.311685e-01	8.555931e-03	
1.657066e+06	1	1.104205e-05	150	8.810000e-08	1.608911e-05	-7.655671e-01	-6.790347e-01	-1.195893e-02	-1.195893e-02	4.405000e-08	1.276993e-05	-7.655706e-01	-6.790467e-01	-1.196105e-02	
1.693861e+06	0	2.860507e-05	68	4.405000e-07	2.751199e-05	-3.629094e-01	6.500875e-01	-1.368715e-02	-1.368715e-02	4.405000e-08	1.276993e-05	-3.628942e-01	6.500676e-01	-1.365788e-02	
1.711344e+06	0	3.933964e-05	126	6.242676e-07	3.090274e-05	8.367017e-01	-4.741418e-01	-3.148452e-02	-3.148452e-02	3.853618e-08	1.221320e-05	8.367280e-01	-4.741507e-01	-3.151570e-02	
1.786400e+06	2	2.504045e-05	126	9.897043e-07	3.603367e-05	4.870105e-01	6.586512e-01	-1.583427e-02	-1.583427e-02	4.405000e-07	2.751199e-05	4.870112e-01	6.586257e-01	-1.581389e-02	1218250404	2.502111e-08	1035956119	2.502111e-08	1211996162	2.502111e-08	
1.871448e+06	0	2.794090e-05	78	1.038985e-07	1.699847e-05	-1.185430e-01	-1.011635e+00	-2.044967e-02	-2.044967e-02	4.405000e-08	1.276993e-05	-1.185257e-01	-1.011617e+00	-2.046399e-02	
1.883228e+06	1	1.320502e-05	126	1.033754e-06	3.656053e-05	-3.979278e-01	6.786273e-01	-5.052383e-03	-5.052383e-03	4.405000e-08	1.276993e-05	-3.979347e-01	6.786305e-01	-5.095955e-03	
1.905672e+06	0	1.779633e-05	137	4.405000e-08	1.276993e-05	-7.757331e-01	-1.890971e-01	-8.232467e-02	-8.232467e-02	4.405000e-08	1.276993e-05	-7.757527e-01	-1.890845e-01	-8.233158e-02	
1.943107e+06	2	9.715110e-06	82	1.004521e-07	1.680840e-05	2.423692e-01	1.025780e+00	-7.871615e-02	-7.871615e-02	4.405000e-08	1.276993e-05	2.423739e-01	1.025742e+00	-7.871897e-02	188552836	3.169791e-08	
1.990728e+06	1	3.692305e-05	126	1.138612e-06	3.775710e-05	-4.248817e-01	6.504324e-01	-2.740486e-02	-2.740486e-02	1.048577e-07	1.705062e-05	-4.248643e-01	6.504724e-01	-2.739239e-02	
1.997369e+06	1	3.092947e-05	126	1.182662e-06	3.823786e-05	-5.970894e-01	4.756636e-01	2.174162e-02	2.174162e-02	4.405000e-08	1.276993e-05	-5.970497e-01	4.756880e-01	2.173592e-02	
2.034566e+06	1	3.154545e-05	126	1.224338e-06	3.868184e-05	7.305602e-01	-3.307381e-01	3.288787e-02	3.288787e-02	4.167581e-08	1.253626e-05	7.305970e-01	-3.307627e-01	3.287599e-02	
2.043776e+06	1	6.131047e-07	74	5.998398e-07	3.049428e-05	4.761353e-01	4.055838e-01	3.735821e-03	3.735821e-03	4.405000e-08	1.276993e-05	4.761354e-01	4.055474e-01	3.742297e-03	
2.048376e+06	0	2.396010e-05	136	4.405000e-08	1.276993e-05	-6.213067e-01	-6.140604e-01	3.730281e-02	3.730281e-02	3.169791e-08	1.144327e-05	-6.212990e-01	-6.140815e-01	3.729423e-02	
2.060911e+06	0	2.498467e-05	72	8.810000e-08	1.608911e-05	-9.555924e-01	-4.636646e-01	-3.944881e-02	-3.944881e-02	4.405000e-08	1.276993e-05	-9.555912e-01	-4.636813e-01	-3.942640e-02	
2.098996e+06	2	9.392882e-06	71	6.213376e-08	1.432130e-05	-2.812692e-01	7.517265e-01	4.619476e-02	4.619476e-02	4.405000e-08	1.276993e-05	-2.812430e-01	7.517061e-01	4.619471e-02	2029773149	2.596624e-08	
2.168324e+06	0	1.988591e-05	72	8.810000e-08	1.608911e-05	2.576354e-01	8.988520e-01	-1.336426e-03	-1.336426e-03	4.405000e-08	1.276993e-05	2.576101e-01	8.988498e-01	-1.345936e-03	
2.200327e+06	0	1.520745e-05	81	4.405000e-08	1.276993e-05	-5.874369e-01	-2.666166e-01	1.218690e-02	1.218690e-02	2.596624e-08	1.070721e-05	-5.874577e-01	-2.666108e-01	1.217897e-02	
2.205614e+06	3	1.699788e-05	59	2.248437e-08	1.020548e-05	1.961855e-01	-6.989695e-01	1.682650e-03	1.682650e-03	4.070167e-08	1.243781e-05	1.961772e-01	-6.989715e-01	1.691926e-03	302486611	3.113365e-08	1842102965	3.113365e-08	
2.218972e+06	1	3.353200e-05	74	8.200898e-07	3.384494e-05	8.088871e-02	-6.039619e-01	3.514577e-03	3.514577e-03	2.202500e-07	2.183628e-05	8.086848e-02	-6.039910e-01	3.520277e-03	
2.238228e+06	1	1.016668e-05	74	8.641398e-07	3.444039e-05	-5.851340e-01	1.879532e-01	2.375767e-03	2.375767e-03	4.405000e-08	1.276993e-05	-5.851404e-01	1.879958e-01	2.378984e-03	
2.252932e+06	0	4.713818e-05	126	1.224338e-06	3.868184e-05	-5.360583e-02	7.540167e-01	-1.455978e-02	-1.455978e-02	6.213376e-08	1.432130e-05	-5.361354e-02	7.539815e-01	-1.452197e-02	
2.289721e+06	3	1.351103e-05	143	2.202500e-08	1.013550e-05	2.992379e-01	-7.321241e-01	-5.187661e-02	-5.187661e-02	4.405000e-08	1.276993e-05	2.992499e-01	-7.321266e-01	-5.187851e-02	1285693762	2.202500e-08	1078741991	2.202500e-08	2723643411	2.202500e-08	
2.313424e+06	0	2.419227e-05	136	4.405000e-08	1.276993e-05	4.924813e-01	4.668789e-01	-6.551445e-02	-6.551445e-02	4.405000e-08	1.276993e-05	4.924646e-01	4.668885e-01	-6.553085e-02	
2.480568e+06	2	1.171549e-05	67	4.466657e-08	1.282924e-05	-6.055486e-01	-3.497873e-01	-1.015958e-02	-1.015958e-02	3.113365e-08	1.137496e-05	-6.055177e-01	-3.497770e-01	-1.014430e-02	1804212609	3.051707e-08	
2.485201e+06	1	4.598151e-05	74	9.262736e-07	3.524681e-05	7.441323e-02	-6.566523e-01	5.560952e-04	5.560952e-04	6.213376e-08	1.432130e-05	7.441898e-02	-6.566386e-01	5.977618e-04	
2.617880e+06	4	1.209989e-05	138	3.898451e-08	1.013550e-05	2.661128e-02	-4.622356e-01	-1.110861e-02	-1.110861e-02	2.308671e-08	1.029581e-05	2.660092e-02	-4.622661e-01	-1.110177e-02	438292632	2.202500e-08	
2.660241e+06	0	1.931493e-05	848448836	2.478191e-08	1.054188e-05	-4.993393e-01	-1.880452e-01	6.601662e-04	6.601662e-04	2.202500e-08	1.013550e-05	-4.993559e-01	-1.880348e-01	6.655195e-04	
2.780795e+06	0	2.383714e-05	137	4.405000e-08	1.276993e-05	-7.021270e-02	7.878218e-01	1.508623e-02	1.508623e-02	4.405000e-08	1.276993e-05	-7.019975e-02	7.878217e-01	1.506485e-02	
2.845893e+06	1	3.473241e-05	74	9.652581e-07	3.573451e-05	-5.930958e-01	-7.646284e-02	3.609253e-03	3.609253e-03	3.898451e-08	1.013550e-05	-5.931294e-01	-7.647962e-02	3.629335e-03	
2.858270e+06	3	1.266920e-05	101	3.123920e-08	1.138780e-05	-3.020655e-01	8.710301e-01	3.923240e-03	3.923240e-03	4.405000e-08	1.276993e-05	-3.020609e-01	8.710195e-01	3.918834e-03	2001290253	2.843040e-08	3147695692	2.843040e-08	
2.892878e+06	4	9.680950e-06	99	2.202500e-08	1.013550e-05	1.600315e-01	-7.048102e-01	5.808124e-02	5.808124e-02	2.478191e-08	1.054188e-05	1.600372e-01	-7.047992e-01	5.808941e-02	3179285865	2.340345e-08	2173231515	2.340345e-08	
2.933517e+06	1	3.258186e-05	126	1.249359e-06	3.894357e-05	-6.829065e-01	-3.698676e-01	-1.812239e-02	-1.812239e-02	2.502111e-08	1.057569e-05	-6.829051e-01	-3.699146e-01	-1.812960e-02	
2.938258e+06	4	1.265646e-05	40	2.202500e-08	1.013550e-05	4.889398e-01	3.082150e-03	2.608079e-02	2.608079e-02	2.202500e-08	1.013550e-05	4.889533e-01	3.076442e-03	2.608268e-02	740082705	2.202500e-08	2795063678	2.202500e-08	
3.041607e+06	0	1.643588e-05	67	4.466657e-08	1.282924e-05	-5.223473e-01	5.628235e-01	4.225676e-02	4.225676e-02	4.405000e-08	1.276993e-05	-5.223410e-01	5.628015e-01	4.224670e-02	
3.252442e+06	1	3.135457e-05	126	1.271384e-06	3.917108e-05	7.470243e-01	2.311396e-01	-9.422230e-03	-9.422230e-03	2.202500e-08	1.013550e-05	7.469940e-01	2.311363e-01	-9.385424e-03	
3.258722e+06	3	1.677863e-05	72	6.500483e-08	1.453858e-05	7.674158e-01	-1.612076e-03	-1.214385e-02	-1.214385e-02	3.977922e-08	1.234313e-05	7.674194e-01	-1.630060e-03	-1.214046e-02	3642829293	3.143720e-08	2707128518	3.143720e-08	
3.271682e+06	0	4.594765e-05	126	1.271384e-06	3.917108e-05	-2.381358e-01	-7.375197e-01	5.693751e-03	5.693751e-03	4.405000e-08	1.276993e-05	-2.381152e-01	-7.375125e-01	5.649046e-03	
3.365838e+06	0	4.150152e-05	126	1.271384e-06	3.917108e-05	2.119900e-01	7.075854e-01	1.024127e-02	1.024127e-02	4.405000e-08	1.276993e-05	2.119581e-01	7.075500e-01	1.022087e-02	
3.380319e+06	4	8.826372e-06	41	2.202500e-08	1.013550e-05	-3.128853e-03	-5.542238e-01	-6.237108e-03	-6.237108e-03	2.248437e-08	1.020548e-05	-3.132474e-03	-5.542104e-01	-6.242108e-03	474866315	2.225469e-08	1639799867	2.225469e-08	
3.420644e+06	1	9.960371e-02	0	1.000000e+00	1.000000e-01	-1.227722e-09	-4.213267e-09	8.311141e-12	8.311141e-12	4.405000e-08	1.276993e-05	-2.787109e-02	-9.564739e-02	1.886752e-04	
3.481634e+06	3	1.421303e-05	2029773149	2.734470e-08	1.013550e-05	4.467436e-01	2.803486e-01	-1.784259e-03	-1.784259e-03	2.340345e-08	1.034269e-05	4.467571e-01	2.803659e-01	-1.804635e-03	1026028388	2.202500e-08	
3.507542e+06	0	2.027600e-05	121	4.405000e-08	1.276993e-05	-5.449323e-01	-1.797193e-02	-3.493085e-02	-3.493085e-02	4.405000e-08	1.276993e-05	-5.449486e-01	-1.798851e-02	-3.492211e-02	
3.594254e+06	0	4.944464e-05	126	1.271384e-06	3.917108e-05	3.730598e-01	6.938133e-01	-8.205239e-03	-8.205239e-03	2.729229e-08	1.088646e-05	3.730490e-01	6.938112e-01	-8.156669e-03	
3.601586e+06	0	1.767913e-05	129	4.405000e-08	1.276993e-05	-1.445328e-01	1.204329e+00	5.400740e-02	5.400740e-02	4.405000e-08	1.276993e-05	-1.445453e-01	1.204350e+00	5.401290e-02	
3.619856e+06	2	1.722614e-05	112	2.596959e-07	2.306898e-05	-9.640398e-01	7.226965e-02	-9.556942e-03	-9.556942e-03	4.405000e-08	1.276993e-05	-9.640710e-01	7.226082e-02	-9.538766e-03	1128056158	2.269787e-08	
3.640330e+06	1	1.446674e-05	124	1.153923e-07	1.760350e-05	-6.146586e-01	-7.632431e-01	1.674518e-02	1.674518e-02	2.729229e-08	1.088646e-05	-6.146769e-01	-7.632493e-01	1.673978e-02	
3.683288e+06	0	2.627168e-05	112	2.596959e-07	2.306898e-05	-9.747447e-01	-4.098066e-01	2.125399e-02	2.125399e-02	4.405000e-08	1.276993e-05	-9.747614e-01	-4.098127e-01	2.128354e-02	
3.723355e+06	0	2.158962e-05	2	4.405000e-08	1.276993e-05	-4.659340e-01	-1.812739e-01	1.183035e-02	1.183035e-02	2.734470e-08	1.013550e-05	-4.659181e-01	-1.812581e-01	1.182746e-02	
3.734392e+06	1	2.623941e-05	74	9.963917e-07	3.611465e-05	4.786118e-01	-3.151875e-01	2.017784e-03	2.017784e-03	3.113365e-08	1.137496e-05	4.786124e-01	-3.151535e-01	1.992069e-03	
3.774461e+06	0	4.566515e-05	74	9.963917e-07	3.611465e-05	-1.233093e-01	5.655442e-01	2.053494e-02	2.053494e-02	2.202500e-08	1.013550e-05	-1.233289e-01	5.655831e-01	2.055009e-02	
3.800602e+06	0	2.868160e-05	144	1.245824e-07	1.805894e-05	-4.996652e-01	9.282865e-01	2.164460e-02	2.164460e-02	8.810000e-08	1.608911e-05	-4.996890e-01	9.282639e-01	2.164236e-02	
3.844075e+06	0	4.376974e-05	74	9.963917e-07	3.611465e-05	4.898555e-01	2.007921e-01	-1.752311e-04	-1.752311e-04	2.202500e-08	1.013550e-05	4.898743e-01	2.007952e-01	-2.172975e-04	
3.931455e+06	0	2.781485e-05	144	1.245824e-07	1.805894e-05	1.587008e-01	1.103266e+00	2.076381e-02	2.076381e-02	4.405000e-08	1.276993e-05	1.586788e-01	1.103257e+00	2.078180e-02	
3.941551e+06	3	1.589038e-05	111	4.393558e-08	1.025486e-05	-2.506667e-01	-1.069295e+00	-7.132485e-02	-7.132485e-02	2.269787e-08	1.023768e-05	-2.506699e-01	-1.069263e+00	-7.133171e-02	2909632847	2.281229e-08	
4.069197e+06	0	4.589084e-05	126	1.271384e-06	3.917108e-05	-6.691797e-01	3.803556e-01	-7.304925e-03	-7.304925e-03	2.202500e-08	1.013550e-05	-6.692114e-01	3.803202e-01	-7.297878e-03	
4.194940e+06	0	2.358298e-05	95	4.832078e-08	1.316997e-05	5.522667e-01	3.647869e-01	3.167900e-02	3.167900e-02	3.143720e-08	1.141181e-05	5.522707e-01	3.647634e-01	3.168428e-02	
4.346385e+06	1	2.971583e-05	126	1.293409e-06	3.939598e-05	-3.701001e-01	-6.797413e-01	5.104640e-03	5.104640e-03	2.202500e-08	1.013550e-05	-3.700584e-01	-6.797532e-01	5.117942e-03	
4.407095e+06	0	1.426249e-05	90	4.405000e-08	1.276993e-05	6.492402e-01	-3.621339e-01	1.922654e-02	1.922654e-02	4.405000e-08	1.276993e-05	6.492232e-01	-3.621223e-01	1.924134e-02	
4.496572e+06	1	1.939107e-05	86	3.083500e-07	2.442800e-05	1.258655e+00	-1.045140e-01	-7.572799e-05	-7.572799e-05	4.405000e-08	1.276993e-05	1.258643e+00	-1.044896e-01	-8.647346e-05	
4.595261e+06	4	9.672450e-06	76	2.202500e-08	1.013550e-05	2.414670e-01	6.928613e-01	1.980069e-02	1.980069e-02	2.595621e-08	1.070583e-05	2.414721e-01	6.928799e-01	1.979821e-02	937177227	2.300780e-08	3393811039	2.300780e-08	611212867	2.300780e-08	1104410542	2.300780e-08	
4.596106e+06	0	2.202858e-05	39	4.405000e-08	1.276993e-05	1.110670e-01	5.530253e-01	-4.094337e-02	-4.094337e-02	4.405000e-08	1.276993e-05	1.110807e-01	5.530044e-01	-4.093962e-02	
4.600586e+06	0	2.212875e-05	13	4.405000e-08	1.276993e-05	3.688460e-02	-6.518625e-01	6.132705e-02	6.132705e-02	2.300780e-08	1.028407e-05	3.687298e-02	-6.518710e-01	6.134437e-02	
4.706467e+06	1	3.149149e-05	126	1.316417e-06	3.962821e-05	1.318343e-01	7.648798e-01	-7.578847e-03	-7.578847e-03	2.300780e-08	1.028407e-05	1.318525e-01	7.649098e-01	-7.549461e-03	
4.726721e+06	3	1.842801e-05	144	4.234380e-08	1.260288e-05	-3.129221e-01	1.094040e+00	-4.515983e-02	-4.515983e-02	4.405000e-08	1.276993e-05	-3.129066e-01	1.094028e+00	-4.515026e-02	2328232000	2.525772e-08	2999719241	2.525772e-08	1931993247	2.525772e-08	1494850122	2.525772e-08	3414514926	2.525772e-08	
4.788692e+06	4	1.125845e-05	81	2.202500e-08	1.013550e-05	7.476297e-01	-4.959672e-01	-5.674346e-02	-5.674346e-02	2.525772e-08	1.060892e-05	7.476158e-01	-4.959642e-01	-5.674323e-02	2312786130	2.364136e-08	3537925318	2.364136e-08	
4.897408e+06	1	3.564678e-05	126	1.360467e-06	4.006538e-05	3.751557e-01	-6.611083e-01	-2.810839e-02	-2.810839e-02	4.405000e-08	1.276993e-05	3.751200e-01	-6.611271e-01	-2.808189e-02	
4.986142e+06	0	2.249298e-05	84	4.405000e-08	1.276993e-05	-3.667409e-01	-6.954867e-01	7.303654e-02	7.303654e-02	2.340345e-08	1.034269e-05	-3.667517e-01	-6.954677e-01	7.303003e-02	
5.006159e+06	3	1.441256e-05	88	3.853618e-08	1.013550e-05	7.653965e-01	-5.819918e-01	-1.614288e-01	-1.614288e-01	2.202500e-08	1.013550e-05	7.654220e-01	-5.820024e-01	-1.614121e-01	1634407402	2.202500e-08	
5.037530e+06	4	1.182472e-05	144	4.372225e-08	1.013550e-05	1.207048e-01	6.900324e-01	1.756943e-02	1.756943e-02	2.340345e-08	1.034269e-05	1.207036e-01	6.900042e-01	1.758695e-02	3869596591	2.202500e-08	
5.094495e+06	0	1.724222e-05	1804212609	3.051707e-08	1.129937e-05	2.197690e-02	4.817946e-01	-2.841559e-02	-2.841559e-02	2.225469e-08	1.017061e-05	2.199089e-02	4.818094e-01	-2.841810e-02	
5.116070e+06	3	1.852047e-05	33	2.202500e-08	1.013550e-05	3.054326e-01	-1.946269e-01	4.289920e-03	4.289920e-03	4.405000e-08	1.276993e-05	3.054367e-01	-1.946317e-01	4.300285e-03	3375523036	2.202500e-08	772925454	2.202500e-08	2215785330	2.202500e-08	
5.152633e+06	0	1.920658e-05	8	4.405000e-08	1.276993e-05	-3.803553e-01	5.557418e-01	6.227784e-02	6.227784e-02	2.340345e-08	1.034269e-05	-3.803380e-01	5.557544e-01	6.227121e-02	
5.187804e+06	3	4.106767e-06	148	2.202500e-08	1.013550e-05	-8.050710e-01	-1.024875e-01	-5.723167e-02	-5.723167e-02	2.300780e-08	1.028407e-05	-8.050736e-01	-1.025003e-01	-5.723900e-02	3491092596	2.251640e-08	57770090	2.251640e-08	
5.270931e+06	3	1.925751e-05	61	3.688857e-08	1.203660e-05	6.365276e-01	2.723499e-01	-8.899230e-03	-8.899230e-03	2.525772e-08	1.060892e-05	6.365536e-01	2.723532e-01	-8.920100e-03	3071577057	3.241914e-08	
5.325918e+06	1	3.159340e-05	126	1.382492e-06	4.028044e-05	-5.599289e-01	-4.866735e-01	-2.640121e-03	-2.640121e-03	2.202500e-08	1.013550e-05	-5.598998e-01	-4.866484e-01	-2.611543e-03	
5.382335e+06	0	4.380940e-05	74	9.963917e-07	3.611465e-05	-5.424788e-01	1.966569e-01	1.400858e-03	1.400858e-03	4.405000e-08	1.276993e-05	-5.425038e-01	1.966798e-01	1.365833e-03	
5.500589e+06	2	6.978503e-06	124	1.319823e-07	1.840964e-05	8.375176e-01	6.664916e-01	-1.073453e-02	-1.073453e-02	4.405000e-08	1.276993e-05	8.374941e-01	6.665118e-01	-1.071081e-02	1452489764	2.745994e-08	
5.567457e+06	0	1.346692e-05	49	4.405000e-08	1.276993e-05	1.919607e-01	5.269161e-01	-2.510963e-02	-2.510963e-02	2.843040e-08	1.103573e-05	1.919600e-01	5.269349e-01	-2.509796e-02	
5.575623e+06	0	1.989806e-05	124	1.319823e-07	1.840964e-05	4.553009e-01	8.750037e-01	-2.116227e-02	-2.116227e-02	4.405000e-08	1.276993e-05	4.553069e-01	8.750272e-01	-2.114343e-02	
5.596807e+06	1	1.254874e-05	126	1.413731e-06	4.058158e-05	-2.819604e-01	-6.630570e-01	1.248117e-03	1.248117e-03	3.123920e-08	1.138780e-05	-2.819158e-01	-6.630764e-01	1.236061e-03	
5.633525e+06	0	2.340650e-05	49	4.405000e-08	1.276993e-05	2.069582e-01	-4.817858e-01	9.031214e-03	9.031214e-03	3.688857e-08	1.203660e-05	2.069358e-01	-4.817850e-01	9.040252e-03	
5.660247e+06	0	2.528580e-05	67	4.466657e-08	1.282924e-05	2.098160e-01	-5.167039e-01	4.375949e-02	4.375949e-02	4.405000e-08	1.276993e-05	2.097923e-01	-5.167127e-01	4.376003e-02	
5.748534e+06	0	4.777190e-05	126	1.413731e-06	4.058158e-05	6.667886e-01	-2.858306e-01	-2.165034e-02	-2.165034e-02	2.843040e-08	1.103573e-05	6.667707e-01	-2.857997e-01	-2.161514e-02	
5.758669e+06	4	1.206393e-05	105	2.202500e-08	1.013550e-05	1.611367e-01	3.906111e-01	-1.590319e-02	-1.590319e-02	2.202500e-08	1.013550e-05	1.611342e-01	3.906139e-01	-1.591776e-02	4260098875	2.202500e-08	3696843781	2.202500e-08	
5.818394e+06	2	1.577966e-05	112	3.414123e-07	2.527162e-05	4.540885e-02	1.071135e+00	-3.763484e-03	-3.763484e-03	1.038985e-07	1.699847e-05	4.544372e-02	1.071140e+00	-3.773645e-03	2138100036	2.218211e-08	
5.906452e+06	1	2.207108e-05	74	1.040442e-06	3.663919e-05	-4.747769e-01	-2.505828e-01	5.171323e-03	5.171323e-03	4.405000e-08	1.276993e-05	-4.747849e-01	-2.505379e-01	5.170850e-03	
6.036686e+06	4	1.037027e-05	106	2.202500e-08	1.013550e-05	5.679385e-01	-3.006745e-01	4.720566e-02	4.720566e-02	4.405000e-08	1.276993e-05	5.679275e-01	-3.006725e-01	4.721029e-02	1726701215	2.202500e-08	1412415798	2.202500e-08	375852842	2.202500e-08	
6.226543e+06	1	2.241060e-05	74	1.087840e-06	3.718733e-05	4.136733e-01	-3.959807e-01	1.685474e-03	1.685474e-03	4.739833e-08	1.308562e-05	4.136593e-01	-3.960139e-01	1.714094e-03	
6.261478e+06	0	2.144182e-05	67	4.466657e-08	1.282924e-05	-1.430925e-01	-4.410154e-01	-6.100523e-03	-6.100523e-03	2.225469e-08	1.017061e-05	-1.430944e-01	-4.410379e-01	-6.102886e-03	
6.406285e+06	0	1.959108e-05	49	4.405000e-08	1.276993e-05	2.788978e-01	-5.270485e-01	7.016578e-02	7.016578e-02	2.202500e-08	1.013550e-05	2.789181e-01	-5.270484e-01	7.017634e-02	
6.487399e+06	0	1.986249e-05	20	4.405000e-08	1.276993e-05	-2.417985e-01	5.070191e-01	1.027808e-03	1.027808e-03	3.688857e-08	1.203660e-05	-2.418001e-01	5.069982e-01	1.017115e-03	
6.500023e+06	0	3.007919e-05	86	3.083500e-07	2.442800e-05	-9.011621e-01	1.064315e-01	-4.920723e-02	-4.920723e-02	4.405000e-08	1.276993e-05	-9.011295e-01	1.064438e-01	-4.921432e-02	
6.594516e+06	0	1.992282e-05	3330100144	2.281640e-08	1.025547e-05	1.008931e-01	4.498736e-01	-3.239270e-02	-3.239270e-02	2.202500e-08	1.013550e-05	1.009006e-01	4.498715e-01	-3.237415e-02	
6.714696e+06	1	3.361877e-05	126	1.435756e-06	4.079124e-05	-9.741860e-02	-7.227947e-01	4.792276e-03	4.792276e-03	2.202500e-08	1.013550e-05	-9.740657e-02	-7.228350e-01	4.771560e-03	
6.726268e+06	3	1.197621e-05	2029773149	2.734470e-08	9.430316e-06	-3.378508e-01	-1.067336e-01	-4.229922e-02	-4.229922e-02	2.202500e-08	1.013550e-05	-3.378253e-01	-1.067188e-01	-4.229923e-02	3593732192	2.202500e-08	
6.822574e+06	0	2.887307e-05	125	1.321500e-07	1.841743e-05	8.697706e-01	-3.353729e-01	8.611158e-02	8.611158e-02	4.405000e-08	1.276993e-05	8.697864e-01	-3.353919e-01	8.612950e-02	
6.865911e+06	4	7.569320e-06	13	2.202500e-08	1.013550e-05	-4.055803e-01	8.647234e-02	-2.878828e-02	-2.878828e-02	2.202500e-08	1.013550e-05	-4.055795e-01	8.646386e-02	-2.879956e-02	3888264012	2.202500e-08	313359544	2.202500e-08	
6.932818e+06	4	8.160559e-06	61	3.711826e-08	1.013550e-05	2.914737e-01	5.448652e-01	3.988569e-02	3.988569e-02	2.225469e-08	1.017061e-05	2.914689e-01	5.448738e-01	3.991787e-02	217284033	2.202500e-08	
6.967628e+06	0	2.100216e-05	49	4.405000e-08	1.276993e-05	2.394831e-01	3.481641e-01	-3.589404e-03	-3.589404e-03	2.300780e-08	1.028407e-05	2.394923e-01	3.481797e-01	-3.575902e-03	
6.996173e+06	0	1.630238e-05	20	4.405000e-08	1.276993e-05	5.567112e-01	-3.043099e-01	-9.339164e-02	-9.339164e-02	2.251640e-08	1.021033e-05	5.567124e-01	-3.042999e-01	-9.341189e-02	
7.054025e+06	0	1.572205e-05	33	2.202500e-08	1.013550e-05	4.382081e-01	4.453888e-03	3.782259e-02	3.782259e-02	2.202500e-08	1.013550e-05	4.382198e-01	4.438398e-03	3.782063e-02	
7.085076e+06	0	4.546582e-05	74	1.087840e-06	3.718733e-05	-5.978134e-01	3.710749e-02	1.917715e-03	1.917715e-03	2.251640e-08	1.021033e-05	-5.978438e-01	3.708419e-02	1.944839e-03	
7.102122e+06	1	1.946914e-05	86	3.733548e-07	2.603638e-05	8.321915e-01	5.862488e-01	-6.486712e-03	-6.486712e-03	6.500483e-08	1.453858e-05	8.321981e-01	5.862759e-01	-6.473064e-03	
7.132757e+06	0	2.146725e-05	49	4.405000e-08	1.276993e-05	-4.852654e-01	-9.620985e-02	-3.442303e-02	-3.442303e-02	2.202500e-08	1.013550e-05	-4.852567e-01	-9.621085e-02	-3.444412e-02	
7.184866e+06	0	2.620495e-05	125	1.321500e-07	1.841743e-05	5.967932e-01	8.084640e-01	6.485728e-02	6.485728e-02	4.405000e-08	1.276993e-05	5.967737e-01	8.084861e-01	6.485889e-02	
7.193212e+06	3	2.210160e-05	124	1.176609e-07	1.771811e-05	-4.601131e-02	4.770337e-01	-1.935426e-02	-1.935426e-02	2.843040e-08	1.103573e-05	-4.602407e-02	4.770609e-01	-1.938336e-02	2151269300	4.275185e-08	
7.195659e+06	4	8.876235e-06	1639799867	2.225469e-08	1.013550e-05	4.404241e-01	-2.424382e-01	1.900280e-02	1.900280e-02	2.202500e-08	1.013550e-05	4.403966e-01	-2.424329e-01	1.899289e-02	3913511150	2.202500e-08	
7.372557e+06	4	7.101865e-06	6	2.202500e-08	1.013550e-05	-5.446047e-01	-6.301484e-01	-6.374391e-02	-6.374391e-02	3.853618e-08	1.013550e-05	-5.446141e-01	-6.301514e-01	-6.373700e-02	2962530363	3.028059e-08	2063946235	3.028059e-08	
7.391996e+06	0	1.053711e-05	2215785330	2.202500e-08	1.013550e-05	4.321712e-01	2.026802e-01	-6.169147e-02	-6.169147e-02	2.202500e-08	1.013550e-05	4.321612e-01	2.026645e-01	-6.168389e-02	
7.518684e+06	0	4.136613e-05	126	1.435756e-06	4.079124e-05	4.445946e-01	5.773267e-01	-3.189984e-03	-3.189984e-03	2.202500e-08	1.013550e-05	4.446163e-01	5.773365e-01	-3.232761e-03	
7.546604e+06	3	1.614594e-05	150	4.367263e-08	1.273336e-05	1.263499e+00	-1.891450e-01	8.518236e-02	8.518236e-02	2.281229e-08	1.025486e-05	1.263512e+00	-1.891373e-01	8.519445e-02	1172086036	2.241322e-08	690117576	2.241322e-08	3288380490	2.241322e-08	
7.550171e+06	0	4.095749e-05	126	1.435756e-06	4.079124e-05	-4.267662e-01	6.212958e-01	9.218924e-03	9.218924e-03	2.202500e-08	1.013550e-05	-4.267203e-01	6.213031e-01	9.237548e-03	
7.560984e+06	4	8.099058e-06	1639799867	2.225469e-08	1.010051e-05	3.231003e-01	2.773044e-01	-6.590285e-02	-6.590285e-02	2.202500e-08	1.013550e-05	3.230767e-01	2.772861e-01	-6.590365e-02	845665321	2.202500e-08	
7.657268e+06	3	1.731469e-05	93	3.426818e-08	1.145636e-05	-7.786775e-01	4.792156e-01	2.830831e-02	2.830831e-02	2.202500e-08	1.013550e-05	-7.786582e-01	4.791872e-01	2.831106e-02	3122982648	3.180682e-08	
7.661631e+06	4	6.003935e-06	1639799867	2.225469e-08	1.006564e-05	-4.400420e-01	-3.011563e-01	3.167871e-03	3.167871e-03	2.202500e-08	1.013550e-05	-4.400690e-01	-3.011672e-01	3.171874e-03	1471982444	2.202500e-08	
7.677293e+06	0	1.868310e-05	2707128518	3.143720e-08	1.141181e-05	-5.950224e-01	3.477998e-01	4.382354e-02	4.382354e-02	2.251640e-08	1.021033e-05	-5.950138e-01	3.477807e-01	4.382131e-02	
7.793990e+06	1	1.170089e-05	126	1.460777e-06	4.102683e-05	7.086839e-01	-1.767078e-01	-4.762644e-03	-4.762644e-03	2.502111e-08	1.057569e-05	7.086734e-01	-1.767412e-01	-4.726725e-03	
7.837407e+06	3	1.496400e-05	124	1.155619e-07	1.761212e-05	-3.740063e-01	-2.869246e-01	-1.881673e-02	-1.881673e-02	2.202500e-08	1.013550e-05	-3.740011e-01	-2.869494e-01	-1.879060e-02	3303338876	2.412402e-08	
7.840331e+06	0	2.514590e-05	124	1.155619e-07	1.761212e-05	-4.054363e-01	-2.431950e-01	-3.261415e-02	-3.261415e-02	2.412402e-08	1.044776e-05	-4.054132e-01	-2.431891e-01	-3.262739e-02	
7.971385e+06	0	1.618443e-05	2029773149	2.734470e-08	9.430316e-06	4.713571e-02	-4.450066e-01	3.668737e-02	3.668737e-02	2.202500e-08	1.013550e-05	4.712747e-02	-4.449997e-01	3.670300e-02	
7.989488e+06	0	1.716952e-05	95	4.832078e-08	1.316997e-05	-2.057660e-02	4.694910e-01	2.844880e-02	2.844880e-02	4.405000e-08	1.276993e-05	-2.059780e-02	4.695029e-01	2.845373e-02	
8.036028e+06	3	1.623032e-05	95	2.616780e-08	1.073484e-05	-3.633287e-01	-2.671891e-01	-1.694315e-02	-1.694315e-02	4.405000e-08	1.276993e-05	-3.633285e-01	-2.671807e-01	-1.695255e-02	2875471576	2.206766e-08	1738909006	2.206766e-08	356405251	2.206766e-08	
8.063329e+06	3	1.357719e-05	83	2.202500e-08	1.013550e-05	-6.637776e-01	-7.983029e-01	-5.630898e-02	-5.630898e-02	2.202500e-08	1.013550e-05	-6.637810e-01	-7.982951e-01	-5.632150e-02	2879167783	2.202500e-08	3083352544	2.202500e-08	
8.169483e+06	0	4.026817e-05	74	1.087840e-06	3.718733e-05	-3.570429e-01	5.308132e-01	9.635750e-03	9.635750e-03	2.202500e-08	1.013550e-05	-3.569985e-01	5.308069e-01	9.636583e-03	
8.371298e+06	4	8.675279e-06	95	2.616780e-08	1.013550e-05	3.544389e-01	2.780372e-02	3.572560e-02	3.572560e-02	2.202500e-08	1.013550e-05	3.544255e-01	2.778819e-02	3.574831e-02	4198169764	2.202500e-08	
8.374986e+06	3	1.667996e-05	188552836	3.169791e-08	1.013550e-05	4.028886e-01	-1.201489e-01	1.455479e-02	1.455479e-02	2.202500e-08	1.013550e-05	4.028704e-01	-1.201548e-01	1.453147e-02	821115011	2.202500e-08	
8.376016e+06	3	9.951811e-06	107	4.178945e-08	1.254764e-05	-7.098076e-01	5.763713e-01	-2.214047e-02	-2.214047e-02	2.202500e-08	1.013550e-05	-7.098204e-01	5.763459e-01	-2.216015e-02	2118016430	2.428555e-08	
8.444324e+06	0	2.212450e-05	67	4.466657e-08	1.282924e-05	-3.233561e-01	6.485481e-01	7.124791e-02	7.124791e-02	2.281640e-08	1.025547e-05	-3.233730e-01	6.485351e-01	7.124099e-02	
8.552341e+06	0	4.234829e-05	74	1.087840e-06	3.718733e-05	2.388251e-01	-5.393492e-01	4.969136e-03	4.969136e-03	4.178945e-08	1.254764e-05	2.388648e-01	-5.393449e-01	4.943224e-03	
8.569804e+06	0	4.733384e-05	74	1.087840e-06	3.718733e-05	3.505207e-01	4.814437e-01	1.428094e-02	1.428094e-02	2.412402e-08	1.044776e-05	3.504946e-01	4.814653e-01	1.424768e-02	
8.609404e+06	1	2.439264e-05	126	1.483593e-06	4.123933e-05	5.936474e-01	4.155941e-01	-7.727781e-03	-7.727781e-03	2.281640e-08	1.025547e-05	5.936685e-01	4.156231e-01	-7.695662e-03	
8.613261e+06	0	1.788704e-05	821115011	2.202500e-08	1.013550e-05	3.877811e-01	4.348185e-02	-2.344114e-02	-2.344114e-02	2.202500e-08	1.013550e-05	3.877744e-01	4.347083e-02	-2.345615e-02	
8.648544e+06	1	1.716550e-05	74	1.111243e-06	3.745212e-05	4.571762e-01	-4.183377e-01	1.152736e-02	1.152736e-02	2.340345e-08	1.034269e-05	4.571941e-01	-4.183063e-01	1.155593e-02	
8.694113e+06	0	1.881999e-05	20	4.405000e-08	1.276993e-05	-1.606326e-01	4.483482e-01	-5.269306e-02	-5.269306e-02	3.143720e-08	1.141181e-05	-1.606267e-01	4.483632e-01	-5.267579e-02	
8.713859e+06	0	1.318853e-05	111	4.393558e-08	1.025486e-05	1.192414e+00	3.115148e-01	1.426184e-01	1.426184e-01	2.202500e-08	1.013550e-05	1.192415e+00	3.115225e-01	1.426007e-01	
8.912796e+06	3	1.078318e-05	3414514926	2.574912e-08	1.013550e-05	-8.146227e-01	-2.296442e-01	2.330783e-01	2.330783e-01	2.251640e-08	1.021033e-05	-8.146301e-01	-2.296492e-01	2.331073e-01	1945735688	2.202500e-08	
8.941817e+06	0	4.675890e-05	74	1.111243e-06	3.745212e-05	-5.343199e-01	-2.664562e-01	3.179575e-02	3.179575e-02	3.711826e-08	1.013550e-05	-5.343119e-01	-2.664751e-01	3.175349e-02	
9.028392e+06	4	8.418589e-06	34	2.202500e-08	1.013550e-05	6.716533e-01	-9.286853e-01	-2.315750e-02	-2.315750e-02	2.202500e-08	1.013550e-05	6.716573e-01	-9.286885e-01	-2.317173e-02	4093093422	2.202500e-08	2842015324	2.202500e-08	
9.083364e+06	0	2.038451e-05	12	4.405000e-08	1.276993e-05	4.838708e-01	3.281920e-01	6.916452e-02	6.916452e-02	2.202500e-08	1.013550e-05	4.838920e-01	3.281884e-01	6.916932e-02	
9.110479e+06	3	1.529560e-05	2707128518	3.143720e-08	1.013550e-05	-3.983305e-01	-3.098686e-02	2.344242e-03	2.344242e-03	2.202500e-08	9.430316e-06	-3.983585e-01	-3.099014e-02	2.337587e-03	1249238030	2.202500e-08	
9.233035e+06	3	1.952789e-05	124	7.748212e-08	1.541489e-05	4.606073e-01	-2.602301e-01	-1.486755e-02	-1.486755e-02	2.202500e-08	1.013550e-05	4.605896e-01	-2.602241e-01	-1.487908e-02	3214077756	3.005238e-08	879162223	3.005238e-08	
9.247669e+06	0	3.213958e-05	86	3.733548e-07	2.603638e-05	6.847207e-01	-7.130166e-01	-3.537483e-02	-3.537483e-02	4.405000e-08	1.276993e-05	6.847460e-01	-7.130174e-01	-3.540168e-02	
9.249465e+06	0	1.602853e-05	1249238030	2.202500e-08	1.013550e-05	2.699942e-01	2.983029e-01	-5.027730e-02	-5.027730e-02	2.202500e-08	1.013550e-05	2.700116e-01	2.983091e-01	-5.026987e-02	
9.326023e+06	1	1.190973e-05	126	1.527643e-06	4.164351e-05	-7.393508e-01	-1.176113e-01	-4.463204e-03	-4.463204e-03	4.405000e-08	1.276993e-05	-7.393011e-01	-1.176028e-01	-4.450874e-03	
9.333322e+06	0	4.405616e-05	74	1.111243e-06	3.745212e-05	5.139483e-01	-3.749204e-01	-1.209688e-03	-1.209688e-03	2.202500e-08	1.013550e-05	5.139042e-01	-3.749310e-01	-1.200474e-03	
9.459624e+06	4	9.011248e-06	2151269300	2.202500e-08	1.013550e-05	-6.059633e-01	1.431158e-01	3.942579e-02	3.942579e-02	3.711826e-08	1.013550e-05	-6.059735e-01	1.431191e-01	3.942071e-02	3884425642	2.892255e-08	1149406307	2.892255e-08	
9.560868e+06	3	1.780941e-05	124	6.788746e-08	1.475038e-05	3.694694e-01	4.216271e-01	-1.514624e-02	-1.514624e-02	4.405000e-08	1.276993e-05	3.694616e-01	4.216213e-01	-1.516101e-02	3528332227	2.682233e-08	4004407106	2.682233e-08	
9.593205e+06	3	1.548201e-05	79	3.426603e-08	1.145662e-05	-1.064967e+00	1.389180e-01	8.732902e-02	8.732902e-02	2.202500e-08	1.013550e-05	-1.064984e+00	1.389112e-01	8.729872e-02	451270221	3.180897e-08	
