5.375766948600035899e-01
5.825597070775623276e-01
5.851599245425761486e-01
5.853740581193586090e-01
6.020974607899023390e-01
6.180559264138465458e-01
6.206798530112030976e-01
6.347583771909691697e-01
6.390954009980407413e-01
6.514030315277959948e-01
6.524255123181100791e-01
6.542492230370784423e-01
6.556134462811754604e-01
6.579168542708527800e-01
6.591168763746434456e-01
6.628562488731758462e-01
6.684933702330128069e-01
6.702042776756764741e-01
6.749795672012194325e-01
6.758190642146953975e-01
6.802129196707473735e-01
6.802328149806410318e-01
6.822536826188212444e-01
6.855518094033181686e-01
6.863542669870981161e-01
6.891877955057125194e-01
6.914301829910977082e-01
6.928300433998992869e-01
6.952017453167818051e-01
6.998781638942727090e-01
7.017501499501449524e-01
7.036591405949624844e-01
7.045485772935101698e-01
7.089110373132808673e-01
7.132533495270553248e-01
7.133691260726977568e-01
7.157072338461355487e-01
7.266255715556773076e-01
7.269970366896466585e-01
7.287661376193892426e-01
7.318061407283872333e-01
7.341041518465797333e-01
7.358320235479860472e-01
7.384131654883711038e-01
7.392078843196393523e-01
7.398619525053455881e-01
7.419226700166504651e-01
7.462289510929893677e-01
7.475054245578153234e-01
7.480455685133361454e-01
7.528487447242037112e-01
7.552340094317703256e-01
7.574777215182663115e-01
7.601313779028285866e-01
7.602352023890154298e-01
7.633377501991459591e-01
7.652896816366282495e-01
7.709365115898892951e-01
7.715742577650533951e-01
7.737122531363432865e-01
7.784696859626583088e-01
7.798057316056202781e-01
7.799312738981273307e-01
7.804300923200816476e-01
7.804396324654283568e-01
7.817405428398924716e-01
7.825327709627790673e-01
7.834469083453580174e-01
7.837384525615428421e-01
7.852724930594555675e-01
7.861659594358679781e-01
7.870087599644356446e-01
7.883838902190082321e-01
7.891785703202904845e-01
7.896103883989850081e-01
7.902812714638076663e-01
7.909023484629994494e-01
7.927521054834150149e-01
7.939688327398788381e-01
7.950868010580270928e-01
7.959935724344404662e-01
7.979414001894360453e-01
8.033743660275414200e-01
8.125472376275862940e-01
8.128290699610384307e-01
8.135151213233846601e-01
8.141248249353704169e-01
8.158148735736097112e-01
8.168007225130323734e-01
8.176429799557404232e-01
8.197554971613755237e-01
8.202747978768638593e-01
8.211311470426541081e-01
8.221321567283945697e-01
8.230599965813328867e-01
8.334169062352650981e-01
8.342695998286308035e-01
8.346662390273557053e-01
8.355428488607500315e-01
8.381683834483241169e-01
8.398880622841828902e-01
8.433732436632794816e-01
8.440653836040523661e-01
8.442205334061700928e-01
8.452462020019338995e-01
8.456572205849030022e-01
8.493587684249902514e-01
8.495203122044717725e-01
8.534565927776089911e-01
8.537713625864559175e-01
8.544741514541338567e-01
8.546417941530219942e-01
8.561140924149577280e-01
8.597070646280946526e-01
8.605027445584438883e-01
8.613985129184151823e-01
8.684755392242147209e-01
8.728170555743799408e-01
8.729585488728500708e-01
8.738171537863095306e-01
8.750817614586652304e-01
8.780925667461056960e-01
8.795859794532606690e-01
8.797099086461247497e-01
8.803771462368454870e-01
8.810538517769263001e-01
8.814461345725701502e-01
8.821939602316465345e-01
8.824925837619539415e-01
8.887132140251899903e-01
8.920212978297105133e-01
8.951783354991292851e-01
8.969697837598201717e-01
8.986725972109990135e-01
8.988265192465448861e-01
9.066313694059746631e-01
9.078830947378790928e-01
9.086563131093434720e-01
9.224679281635561612e-01
9.263987791183985188e-01
9.289403711670496389e-01
9.360773089867987506e-01
9.367971275571242984e-01
9.417172263045102687e-01
9.516332625338369544e-01
9.536050840809795481e-01
9.571703618819795700e-01
9.582291609261794907e-01
9.592885591585865734e-01
9.632837201312584030e-01
