3.748352539002564598e-01
4.555547060612283317e-01
4.560875213763208036e-01
4.747320546293513632e-01
5.309180437784359885e-01
5.361062629779520528e-01
5.532263249645594794e-01
5.849831723535856565e-01
5.941644153785056170e-01
5.975508329990212308e-01
5.985804326134704922e-01
6.060406761589578473e-01
6.140372925879388211e-01
6.181556198699155180e-01
6.374694874174987591e-01
6.401541325477856370e-01
6.512730177563141876e-01
6.593819791719219836e-01
6.701582125020933978e-01
6.825994626514986230e-01
6.897278309099675875e-01
7.135332588254977848e-01
7.173441622394785000e-01
7.205873024117015468e-01
7.242311490028661147e-01
7.366235832819718610e-01
7.440758505579976312e-01
7.525405491522383361e-01
7.545594954252335951e-01
7.658023372601090450e-01
7.942723481384644790e-01
8.054411893850886850e-01
8.060833498070157921e-01
8.094538421024981556e-01
8.160623992540406713e-01
8.226940247534574313e-01
8.236638910948872461e-01
8.247082217881384070e-01
8.323878038199059581e-01
8.331936431767591467e-01
8.421983563114198157e-01
8.459469976675273450e-01
8.459741633676463035e-01
8.483937097088656287e-01
8.559763984117861879e-01
8.563281186364690711e-01
8.681205200993806770e-01
8.691151556690946967e-01
8.789527985735680060e-01
8.839705337732630674e-01
9.027119807760201065e-01
9.063823713335721344e-01
9.395399285037173698e-01
9.401647497848759638e-01
9.428847142217422483e-01
9.474008999388834340e-01
9.522508912279544768e-01
9.600092989208000027e-01
9.692275886679232455e-01
9.766282304718628682e-01
1.002203446083689498e+00
1.004200517241207180e+00
1.009383213689762915e+00
1.021057719991319113e+00
1.032029568517094598e+00
1.032042477819733017e+00
1.038617737618989567e+00
1.040042450213928271e+00
1.041046594677161652e+00
1.104364544172407259e+00
1.107687562891168431e+00
1.108327502449495627e+00
1.132101721542404960e+00
1.136958835025695835e+00
1.155500722924096779e+00
1.163638960407109790e+00
1.172087135245401424e+00
1.183639275727362383e+00
1.207382923137731545e+00
1.224558963405776524e+00
1.251810709201144123e+00
1.267571703620965495e+00
1.272498920188739557e+00
1.274850254834333674e+00
1.286257871914050055e+00
1.291242476218348978e+00
1.306924257580905691e+00
1.338919825976231825e+00
1.339381756546084379e+00
1.374254416382714394e+00
1.387865954468525231e+00
1.392346406941428194e+00
1.394540186931233050e+00
1.399100239015885538e+00
1.404193473832307193e+00
1.408177635109797432e+00
1.446762947345547667e+00
1.471818075897116884e+00
1.485485210229225528e+00
1.487179265612033063e+00
1.508092531539491077e+00
1.512430443064533447e+00
1.531737301712931210e+00
1.562114883253624020e+00
1.596338375664932974e+00
1.606615092642116993e+00
1.607750474837446486e+00
1.610414895208033492e+00
1.644905097380443992e+00
1.652903481201447367e+00
1.663849572555309742e+00
1.681857669640310693e+00
1.692822150905397560e+00
1.693177437441199862e+00
1.699030188032317756e+00
1.711576157417866950e+00
1.723831782707523574e+00
1.731065057954682684e+00
1.731613934689148815e+00
1.733625389952758500e+00
1.764205843183130451e+00
1.789393957697647419e+00
1.789777677087758256e+00
1.800337140680471570e+00
1.801023651852553975e+00
1.825580324682539501e+00
1.826961465185278133e+00
1.829725035904803621e+00
1.865152623223047534e+00
1.872983240874931843e+00
1.879055367740688265e+00
1.883418788171239200e+00
1.892085221611482071e+00
1.896887252307506211e+00
1.898111775795574330e+00
1.923797964706496666e+00
1.928164462988101846e+00
1.945217891597543769e+00
1.954241318481647394e+00
1.987564355749915856e+00
