4.310919e+02	1	1.674507e-05	37	5.600000e-08	1.383363e-05	36	1.097976e-05	
5.084297e+03	1	2.445679e-05	2	3.080000e-07	2.441876e-05	39	1.097976e-05	
1.525345e+04	1	1.454843e-05	74	5.600000e-08	1.383363e-05	73	1.097976e-05	
7.349203e+04	3	8.713919e-06	29	2.696717e-08	1.084306e-05	26	1.097976e-05	3687573659	1.451641e-08	3196256300	1.451641e-08	
7.555220e+04	1	2.977623e-05	11	3.080000e-07	2.441876e-05	125	1.097976e-05	
8.374383e+04	0	2.687901e-05	6	2.800000e-07	2.365517e-05	51	1.097976e-05	
8.707087e+04	0	2.048700e-05	69	2.800000e-08	1.097976e-05	58	1.097976e-05	
8.762420e+04	1	1.055027e-05	78	5.600000e-08	1.383363e-05	59	1.097976e-05	
8.985512e+04	1	2.263409e-05	5	3.080000e-07	2.441876e-05	44	1.097976e-05	
1.054288e+05	0	1.642580e-05	37	5.600000e-08	1.383363e-05	27	1.097976e-05	
1.112649e+05	1	2.200453e-05	6	3.080000e-07	2.441876e-05	42	1.097976e-05	
1.149776e+05	0	3.239973e-05	8	2.800000e-07	2.365517e-05	90	1.097976e-05	
1.172055e+05	1	3.348765e-05	14	3.080000e-07	2.441876e-05	122	1.097976e-05	
1.997970e+05	0	2.992235e-05	4	2.800000e-07	2.365517e-05	33	1.097976e-05	
2.308028e+05	0	2.162511e-05	24	2.800000e-08	1.097976e-05	22	1.097976e-05	
2.642362e+05	0	3.131317e-05	4	2.800000e-07	2.365517e-05	56	1.097976e-05	
3.067910e+05	1	4.057512e-05	6	5.880000e-07	3.029231e-05	3	2.365517e-05	
3.554566e+05	0	1.872108e-05	52	2.800000e-08	1.097976e-05	46	1.097976e-05	
3.840573e+05	0	1.428623e-05	56	2.800000e-08	1.097976e-05	34	1.097976e-05	
3.954545e+05	0	2.090104e-05	35	2.800000e-08	1.097976e-05	19	1.097976e-05	
4.109792e+05	1	1.895565e-05	1	3.069672e-07	2.439143e-05	29	1.084306e-05	
4.130368e+05	1	3.094948e-05	6	6.160000e-07	3.076571e-05	71	1.097976e-05	
4.139551e+05	0	1.272911e-05	77	2.800000e-08	1.097976e-05	66	1.097976e-05	
4.427874e+05	1	8.211921e-06	154	5.600000e-08	1.383363e-05	139	1.097976e-05	
4.998789e+05	0	3.593842e-05	6	6.160000e-07	3.076571e-05	49	1.097976e-05	
5.178829e+05	1	2.037353e-05	4	3.080000e-07	2.441876e-05	43	1.097976e-05	
5.325436e+05	0	1.419500e-05	114	2.800000e-08	1.097976e-05	113	1.097976e-05	
5.446406e+05	1	2.803923e-05	14	3.360000e-07	2.513737e-05	124	1.097976e-05	
5.959302e+05	0	1.378099e-05	46	2.800000e-08	1.097976e-05	45	1.097976e-05	
6.132137e+05	2	1.003019e-05	10	4.936628e-07	2.857701e-05	9	2.365517e-05	848448836	1.658431e-08	2211003714	1.658431e-08	2916276788	1.658431e-08	3696193412	1.658431e-08	
6.843392e+05	0	3.335867e-05	6	6.160000e-07	3.076571e-05	52	1.097976e-05	
8.769426e+05	0	1.413567e-05	83	2.800000e-08	1.097976e-05	3696193412	9.220882e-06	
8.787238e+05	0	3.288567e-05	1	3.069672e-07	2.439143e-05	25	1.097976e-05	
9.805755e+05	0	2.630877e-05	5	3.080000e-07	2.441876e-05	30	1.097976e-05	
9.850248e+05	0	1.838928e-05	33	2.800000e-08	1.097976e-05	32	1.097976e-05	
1.007249e+06	1	9.978554e-02	0	1.000000e+00	1.000000e-01	145	1.097976e-05	
1.156795e+06	1	2.391339e-05	4	3.225164e-07	2.479651e-05	3687573659	8.820498e-06	
1.236656e+06	0	1.843715e-05	45	2.800000e-08	1.097976e-05	40	1.097976e-05	
1.318023e+06	3	1.111828e-05	129	1.400000e-08	8.714638e-06	27	1.097976e-05	15308464	1.400000e-08	1239307652	1.400000e-08	1945448119	1.400000e-08	
1.320163e+06	1	2.436349e-05	5	3.360000e-07	2.513737e-05	40	1.097976e-05	
1.332692e+06	1	2.216404e-05	6	6.300000e-07	3.099704e-05	15308464	8.714638e-06	
1.337150e+06	2	9.846009e-06	106	3.998765e-08	1.236465e-05	65	1.097976e-05	3396227953	1.601235e-08	
1.387715e+06	3	1.588126e-05	19	1.400000e-08	8.714638e-06	16	1.097976e-05	3321237907	1.400000e-08	3187199216	1.400000e-08	3330100144	1.400000e-08	
1.394810e+06	1	2.308476e-05	1	3.209672e-07	2.475674e-05	3330100144	8.714638e-06	
1.493906e+06	1	9.870259e-02	0	1.000000e+00	1.000000e-01	132	1.097976e-05	
1.560246e+06	0	1.668294e-05	52	2.800000e-08	1.097976e-05	28	1.097976e-05	
1.744788e+06	3	9.073162e-06	68	1.400000e-08	8.714638e-06	62	1.097976e-05	310481256	1.400000e-08	817087088	1.400000e-08	551137729	1.400000e-08	
1.839960e+06	1	1.031595e-05	6	6.580000e-07	3.144961e-05	46	1.097976e-05	
1.856031e+06	0	1.895459e-05	84	2.800000e-08	1.097976e-05	80	1.097976e-05	
1.942171e+06	0	2.844078e-05	5	3.360000e-07	2.513737e-05	60	1.097976e-05	
1.958328e+06	1	2.342296e-05	6	6.720000e-07	3.167110e-05	551137729	8.714638e-06	
1.986589e+06	3	6.237173e-06	5	3.129681e-07	2.454935e-05	28	1.097976e-05	1218250404	1.701065e-08	1035956119	1.701065e-08	1211996162	1.701065e-08	
2.028548e+06	1	3.392155e-05	4	6.354845e-07	3.108673e-05	5	2.454935e-05	
2.224535e+06	3	5.826663e-06	75	2.263036e-08	1.022752e-05	817087088	8.714638e-06	188552836	1.936964e-08	
2.284315e+06	1	9.844659e-02	0	1.000000e+00	1.000000e-01	152	1.097976e-05	
2.314880e+06	1	4.382100e-05	11	5.880000e-07	3.029231e-05	7	2.365517e-05	
2.907523e+06	1	2.815773e-05	4	6.634845e-07	3.153675e-05	67	1.097976e-05	
2.930525e+06	0	3.848625e-05	6	6.720000e-07	3.167110e-05	78	1.383363e-05	
2.967729e+06	0	1.627597e-05	15	2.800000e-08	1.097976e-05	3196256300	8.820498e-06	
3.159904e+06	0	3.272030e-05	1	3.209672e-07	2.475674e-05	1211996162	9.299229e-06	
3.223241e+06	1	6.818532e-06	10	5.216628e-07	2.910739e-05	30	1.097976e-05	
3.377860e+06	0	3.365881e-05	14	3.360000e-07	2.513737e-05	135	1.097976e-05	
3.399396e+06	0	1.943754e-05	15	2.800000e-08	1.097976e-05	1211996162	9.299229e-06	
3.484614e+06	3	1.302956e-05	56	2.538159e-08	9.585547e-06	3396227953	9.113636e-06	2029773149	1.863076e-08	
3.537646e+06	1	2.408087e-05	4	6.914845e-07	3.197428e-05	34	1.097976e-05	
3.573059e+06	0	2.145567e-05	48	2.800000e-08	1.097976e-05	35	1.097976e-05	
3.764438e+06	0	2.003620e-05	142	2.800000e-08	1.097976e-05	138	1.097976e-05	
3.804634e+06	0	1.758964e-05	75	2.263036e-08	1.022752e-05	2029773149	9.585547e-06	
3.951807e+06	2	1.475181e-05	74	6.566788e-08	1.458784e-05	106	1.236465e-05	302486611	1.400000e-08	1842102965	1.631977e-08	
4.004576e+06	3	7.311934e-06	1	2.755556e-07	2.352934e-05	33	1.097976e-05	1285693762	1.468232e-08	1078741991	1.468232e-08	2723643411	1.468232e-08	1804212609	1.468232e-08	438292632	1.468232e-08	
4.005776e+06	1	2.069352e-05	1	2.902379e-07	2.394003e-05	1285693762	8.853973e-06	
4.051532e+06	3	1.187281e-05	52	1.400000e-08	8.714638e-06	129	8.714638e-06	2001290253	1.400000e-08	3147695692	1.400000e-08	
4.067645e+06	3	1.502625e-05	20	2.282600e-08	1.025691e-05	3196256300	8.820498e-06	3179285865	1.969042e-08	
4.101796e+06	1	9.921902e-02	0	1.000000e+00	1.000000e-01	146	1.097976e-05	
4.105107e+06	0	3.457619e-05	10	5.216628e-07	2.910739e-05	92	1.097976e-05	
4.164298e+06	1	2.569639e-05	1	3.049202e-07	2.433710e-05	2723643411	8.853973e-06	
4.240540e+06	0	2.113623e-05	55	2.800000e-08	1.097976e-05	21	1.097976e-05	
4.278863e+06	4	8.378200e-06	2001290253	1.400000e-08	8.714638e-06	1945448119	8.714638e-06	2173231515	1.400000e-08	
4.299746e+06	4	1.379016e-05	154	1.400000e-08	8.714638e-06	3187199216	8.714638e-06	740082705	1.866667e-08	2795063678	1.866667e-08	3642829293	1.866667e-08	
4.334975e+06	0	3.995363e-05	6	6.720000e-07	3.167110e-05	64	1.097976e-05	
4.612088e+06	3	1.342091e-05	60	1.400000e-08	8.714638e-06	58	1.097976e-05	2707128518	1.400000e-08	474866315	1.400000e-08	1639799867	1.400000e-08	
4.612822e+06	0	3.651749e-05	4	6.914845e-07	3.197428e-05	474866315	8.714638e-06	
4.676981e+06	0	1.635131e-05	75	2.263036e-08	1.022752e-05	1842102965	9.171591e-06	
4.701941e+06	3	1.366208e-05	35	2.334914e-08	9.588992e-06	2173231515	8.714638e-06	1026028388	1.865086e-08	
4.716541e+06	0	3.996075e-05	10	5.216628e-07	2.910739e-05	69	1.097976e-05	
4.746250e+06	1	2.207967e-05	1	3.189202e-07	2.470400e-05	2001290253	8.714638e-06	
4.846539e+06	3	1.506644e-05	37	3.983045e-08	1.234843e-05	56	9.585547e-06	1128056158	2.077557e-08	2909632847	2.077557e-08	
4.963742e+06	4	7.868094e-06	45	1.400000e-08	8.714638e-06	3179285865	9.763937e-06	937177227	1.684521e-08	3393811039	1.684521e-08	
4.984431e+06	1	9.967779e-02	0	1.000000e+00	1.000000e-01	117	1.097976e-05	
5.133671e+06	1	8.301804e-06	6	7.000000e-07	3.210500e-05	49	1.097976e-05	
5.138933e+06	0	1.202593e-05	1239307652	1.400000e-08	8.714638e-06	52	8.714638e-06	
5.158872e+06	3	1.852546e-05	1	3.148133e-07	2.459750e-05	35	9.588992e-06	611212867	2.745603e-08	
5.185574e+06	0	2.229456e-05	78	5.600000e-08	1.383363e-05	86	1.097976e-05	
5.267689e+06	3	1.222505e-05	81	1.400000e-08	8.714638e-06	77	1.097976e-05	1104410542	1.400000e-08	2328232000	1.400000e-08	2999719241	1.400000e-08	
5.419972e+06	4	8.506509e-06	74	1.400000e-08	8.714638e-06	87	1.097976e-05	1931993247	1.593358e-08	1494850122	1.593358e-08	3414514926	1.593358e-08	2312786130	1.593358e-08	3537925318	1.593358e-08	
5.516121e+06	0	3.960991e-05	6	7.000000e-07	3.210500e-05	2211003714	9.220882e-06	
5.517032e+06	0	1.696292e-05	37	3.983045e-08	1.234843e-05	2909632847	9.940105e-06	
5.521770e+06	4	9.604545e-06	72	1.400000e-08	8.714638e-06	1494850122	9.098667e-06	1634407402	1.496679e-08	3869596591	1.496679e-08	
5.529519e+06	1	1.371128e-05	4	7.054845e-07	3.218863e-05	474866315	8.714638e-06	
5.620840e+06	0	3.381783e-05	1	3.148133e-07	2.459750e-05	1128056158	9.940105e-06	
5.742573e+06	0	1.597317e-05	1128056158	2.077557e-08	9.940105e-06	1078741991	8.853973e-06	
5.812614e+06	0	2.113411e-05	69	2.800000e-08	1.097976e-05	41	1.097976e-05	
5.852349e+06	4	8.148882e-06	20	2.749266e-08	8.714638e-06	740082705	9.591700e-06	3375523036	1.400000e-08	
5.940832e+06	0	2.099765e-05	18	2.800000e-08	1.097976e-05	611212867	1.090819e-05	
5.973999e+06	0	1.726539e-05	60	1.400000e-08	8.714638e-06	45	8.714638e-06	
5.980147e+06	0	1.621881e-05	78	5.600000e-08	1.383363e-05	3321237907	8.714638e-06	
6.021176e+06	1	3.048497e-06	4	7.334845e-07	3.260896e-05	24	1.097976e-05	
6.135527e+06	1	2.693423e-05	11	6.160000e-07	3.076571e-05	95	1.097976e-05	
6.284145e+06	1	2.404380e-05	6	7.149668e-07	3.233220e-05	3869596591	8.910790e-06	
6.324883e+06	1	9.876893e-02	0	1.000000e+00	1.000000e-01	143	1.097976e-05	
6.395077e+06	0	3.229943e-05	12	2.800000e-07	2.365517e-05	110	1.097976e-05	
6.411775e+06	3	1.368941e-05	22	2.553554e-08	9.323970e-06	438292632	8.853973e-06	772925454	1.714678e-08	
6.442920e+06	0	1.898541e-05	135	2.800000e-08	1.097976e-05	55	1.097976e-05	
6.445128e+06	1	1.559585e-05	4	7.474845e-07	3.281512e-05	1639799867	8.714638e-06	
6.607555e+06	1	9.976907e-02	0	1.000000e+00	1.000000e-01	133	1.097976e-05	
6.626346e+06	1	1.862862e-05	2	3.243198e-07	2.484264e-05	1842102965	9.171591e-06	
6.655403e+06	1	3.438087e-06	4	7.614845e-07	3.301873e-05	3375523036	8.714638e-06	
6.784903e+06	3	1.249136e-05	22	2.320429e-08	8.033269e-06	3147695692	8.714638e-06	2215785330	1.633125e-08	
6.887599e+06	0	3.682177e-05	11	6.160000e-07	3.076571e-05	64	1.097976e-05	
6.904865e+06	1	3.644567e-05	4	7.822600e-07	3.331632e-05	1128056158	9.940105e-06	
6.979997e+06	3	1.381762e-05	1931993247	1.593358e-08	8.714638e-06	154	8.714638e-06	3491092596	1.400000e-08	
6.986414e+06	3	1.197794e-05	70	1.400000e-08	8.714638e-06	23	1.097976e-05	57770090	1.400000e-08	3071577057	1.400000e-08	1452489764	1.400000e-08	
7.029671e+06	0	3.088188e-05	1	3.148133e-07	2.459750e-05	22	8.033269e-06	
7.072647e+06	4	9.443650e-06	31	1.400000e-08	8.714638e-06	1239307652	8.714638e-06	4260098875	1.400000e-08	3696843781	1.400000e-08	
7.077108e+06	1	2.133484e-05	1	3.288133e-07	2.495685e-05	19	8.714638e-06	
7.124770e+06	0	3.452190e-05	4	7.822600e-07	3.331632e-05	72	8.714638e-06	
7.291414e+06	1	2.199165e-05	4	7.992707e-07	3.355609e-05	1035956119	9.299229e-06	
7.298400e+06	0	2.291716e-05	37	3.983045e-08	1.234843e-05	63	1.097976e-05	
7.325804e+06	0	2.000705e-05	103	2.800000e-08	1.097976e-05	76	1.097976e-05	
7.424715e+06	0	1.933788e-05	88	2.800000e-08	1.097976e-05	70	8.714638e-06	
7.426207e+06	3	1.791724e-05	78	4.397975e-08	1.276314e-05	25	1.097976e-05	2138100036	2.001013e-08	1726701215	2.001013e-08	
7.471812e+06	3	1.512722e-05	15	1.400000e-08	8.714638e-06	611212867	1.090819e-05	1412415798	2.072802e-08	375852842	2.072802e-08	
7.488706e+06	1	2.480923e-05	10	5.496628e-07	2.961912e-05	32	1.097976e-05	
7.505569e+06	0	3.226102e-05	1	3.288133e-07	2.495685e-05	63	1.097976e-05	
7.588516e+06	0	4.005838e-05	6	7.149668e-07	3.233220e-05	2138100036	9.816499e-06	
7.915594e+06	1	7.639619e-06	1	3.428133e-07	2.530614e-05	60	8.714638e-06	
8.271936e+06	1	1.213907e-05	4	8.132707e-07	3.375088e-05	31	8.714638e-06	
8.283513e+06	3	1.910017e-05	6	7.055735e-07	3.218998e-05	3642829293	9.591700e-06	3593732192	1.402998e-08	3888264012	1.402998e-08	
8.283884e+06	1	3.019158e-05	4	8.412707e-07	3.413385e-05	94	1.097976e-05	
8.297767e+06	1	2.762366e-05	4	8.582813e-07	3.436238e-05	1218250404	9.299229e-06	
8.323937e+06	1	3.275329e-05	4	8.862813e-07	3.473206e-05	84	1.097976e-05	
8.333326e+06	2	2.511247e-05	1	3.542859e-07	2.558535e-05	17	1.097976e-05	313359544	1.652744e-08	
8.344429e+06	0	4.210452e-05	4	8.862813e-07	3.473206e-05	52	8.714638e-06	
8.482015e+06	0	3.906027e-05	4	8.862813e-07	3.473206e-05	1104410542	8.714638e-06	
8.571664e+06	1	1.940489e-05	1	3.708133e-07	2.597717e-05	313359544	9.210330e-06	
8.599662e+06	0	3.694351e-05	11	6.160000e-07	3.076571e-05	82	1.097976e-05	
8.680535e+06	1	2.564937e-05	4	9.062915e-07	3.499151e-05	1726701215	9.816499e-06	
8.695690e+06	3	6.716182e-06	108	1.400000e-08	8.714638e-06	54	1.097976e-05	217284033	1.400000e-08	2151269300	1.400000e-08	3913511150	1.400000e-08	
8.711287e+06	1	1.889583e-05	1	3.879601e-07	2.637155e-05	772925454	9.323970e-06	
8.784318e+06	0	3.541214e-05	4	9.062915e-07	3.499151e-05	63	1.097976e-05	
8.808069e+06	1	2.346800e-05	6	7.195735e-07	3.240150e-05	2328232000	8.714638e-06	
8.880550e+06	0	1.711376e-05	1412415798	2.072802e-08	9.932516e-06	15	8.714638e-06	
8.940640e+06	0	2.804969e-05	1	3.879601e-07	2.637155e-05	22	8.033269e-06	
9.243576e+06	1	1.008929e-05	101	5.600000e-08	1.383363e-05	50	1.097976e-05	
9.284029e+06	3	1.130525e-05	121	1.400000e-08	8.714638e-06	57770090	8.714638e-06	2962530363	1.400000e-08	2063946235	1.400000e-08	
9.384521e+06	0	3.411761e-05	6	7.195735e-07	3.240150e-05	72	8.714638e-06	
9.475485e+06	3	1.769931e-05	86	2.408615e-08	1.044229e-05	38	1.097976e-05	1172086036	1.595692e-08	690117576	1.595692e-08	
9.685199e+06	3	7.662585e-06	690117576	1.789050e-08	8.714638e-06	3537925318	9.098667e-06	3288380490	1.400000e-08	
9.737605e+06	1	9.988773e-02	0	1.000000e+00	1.000000e-01	1104410542	8.714638e-06	
9.798938e+06	0	3.587628e-05	4	9.062915e-07	3.499151e-05	37	1.234843e-05	
1.000083e+07	1	1.368091e-05	13	3.080000e-07	2.441876e-05	102	1.097976e-05	
1.000707e+07	3	1.271030e-05	3393811039	1.752752e-08	8.714638e-06	1804212609	8.853973e-06	845665321	1.400000e-08	
1.005128e+07	1	9.967737e-02	0	1.000000e+00	1.000000e-01	112	1.097976e-05	
1.007810e+07	3	1.592714e-05	2138100036	1.978893e-08	9.780194e-06	15	8.714638e-06	3122982648	1.422119e-08	
1.043133e+07	1	2.105018e-05	1	4.019601e-07	2.668503e-05	3696843781	8.714638e-06	
1.062594e+07	0	3.038136e-05	1	4.019601e-07	2.668503e-05	51	1.097976e-05	
1.069601e+07	0	1.652883e-05	141	2.800000e-08	1.097976e-05	41	1.097976e-05	
1.074451e+07	3	1.036698e-05	98	1.400000e-08	8.714638e-06	68	8.714638e-06	1471982444	1.400000e-08	3303338876	1.400000e-08	
1.096646e+07	1	1.599075e-06	1	4.159901e-07	2.699195e-05	3888264012	8.720855e-06	
1.102979e+07	3	1.215997e-05	88	1.400000e-08	8.714638e-06	1026028388	9.588992e-06	2875471576	1.632543e-08	1738909006	1.632543e-08	
1.112377e+07	3	1.224279e-05	64	1.400000e-08	8.714638e-06	3593732192	8.720855e-06	356405251	1.401499e-08	2879167783	1.401499e-08	
1.120160e+07	1	9.905844e-02	0	1.000000e+00	1.000000e-01	128	1.097976e-05	
1.133073e+07	0	2.744147e-05	1	4.159901e-07	2.699195e-05	375852842	9.932516e-06	
1.186430e+07	1	2.525857e-05	11	6.440000e-07	3.122496e-05	104	1.097976e-05	
1.205501e+07	0	3.407102e-05	1	4.159901e-07	2.699195e-05	3393811039	8.714638e-06	
1.207225e+07	0	2.089630e-05	37	3.983045e-08	1.234843e-05	1931993247	8.714638e-06	
1.214719e+07	0	1.711185e-05	3393811039	1.752752e-08	8.714638e-06	937177227	9.268984e-06	
1.221147e+07	0	2.937773e-05	1	4.159901e-07	2.699195e-05	93	1.097976e-05	
1.233464e+07	3	1.473553e-05	99	1.400000e-08	8.714638e-06	1634407402	8.910790e-06	3083352544	1.448339e-08	4198169764	1.448339e-08	
1.234963e+07	0	2.814031e-05	1	4.159901e-07	2.699195e-05	2215785330	8.033269e-06	
1.248081e+07	3	1.314900e-05	150	2.575399e-08	9.157753e-06	2707128518	8.714638e-06	821115011	1.624601e-08	
1.272116e+07	1	1.844433e-05	6	7.340569e-07	3.261744e-05	4198169764	8.813805e-06	
1.287705e+07	1	2.086122e-05	1	4.439901e-07	2.758446e-05	93	1.097976e-05	
1.291027e+07	4	6.138308e-06	20	2.749266e-08	6.959100e-06	302486611	8.714638e-06	2118016430	1.400000e-08	
1.293600e+07	1	9.837953e-02	0	1.000000e+00	1.000000e-01	137	1.097976e-05	
1.297685e+07	1	1.608839e-05	10	5.636628e-07	2.986848e-05	88	8.714638e-06	
1.305394e+07	1	2.429321e-05	6	7.499905e-07	3.285176e-05	3414514926	9.098667e-06	
1.318646e+07	0	1.469329e-05	150	2.575399e-08	9.157753e-06	3913511150	8.714638e-06	
1.337291e+07	0	3.162410e-05	1	4.439901e-07	2.758446e-05	20	6.959100e-06	
1.363352e+07	0	2.885912e-05	2	3.243198e-07	2.484264e-05	1738909006	9.172651e-06	
1.372184e+07	0	1.758755e-05	188552836	1.936964e-08	9.710626e-06	3288380490	8.714638e-06	
1.374140e+07	1	2.963933e-05	6	7.663159e-07	3.308841e-05	2875471576	9.172651e-06	
1.403561e+07	0	3.939950e-05	11	6.440000e-07	3.122496e-05	114	1.097976e-05	
1.405106e+07	1	2.556457e-05	10	5.802471e-07	3.015859e-05	2916276788	9.220882e-06	
1.410514e+07	1	1.930125e-05	10	5.968314e-07	3.044322e-05	848448836	9.220882e-06	
1.412308e+07	3	1.076143e-05	3122982648	1.422119e-08	8.714638e-06	2118016430	6.959100e-06	1945735688	1.400000e-08	
1.413384e+07	1	1.436291e-05	3122982648	2.822119e-08	1.095122e-05	1945735688	8.714638e-06	
1.441232e+07	0	2.096027e-05	101	5.600000e-08	1.383363e-05	79	1.097976e-05	
1.470993e+07	0	3.542617e-05	1	4.439901e-07	2.758446e-05	2909632847	9.940105e-06	
1.473055e+07	1	3.102976e-05	4	9.226169e-07	3.520036e-05	1738909006	9.172651e-06	
1.481516e+07	1	5.706882e-07	10	6.248314e-07	3.091204e-05	61	1.097976e-05	
1.492857e+07	1	1.805785e-05	6	7.803159e-07	3.328870e-05	2151269300	8.714638e-06	
1.501861e+07	0	3.024954e-05	1	4.439901e-07	2.758446e-05	3491092596	8.714638e-06	
1.510300e+07	0	3.971396e-05	4	9.226169e-07	3.520036e-05	2909632847	9.940105e-06	
1.519386e+07	1	2.159548e-05	4	9.624473e-07	3.569979e-05	37	1.234843e-05	
1.552998e+07	1	2.922682e-05	4	9.904473e-07	3.604268e-05	91	1.097976e-05	
1.561056e+07	1	1.073396e-05	11	6.580000e-07	3.144961e-05	70	8.714638e-06	
1.561412e+07	1	1.367934e-05	1	4.647181e-07	2.800721e-05	375852842	9.932516e-06	
1.563920e+07	1	1.491763e-05	1	4.929393e-07	2.856304e-05	3122982648	1.095122e-05	
1.583796e+07	0	1.288033e-05	21	2.800000e-08	1.097976e-05	108	8.714638e-06	
1.614554e+07	2	7.668328e-06	2	3.279669e-07	2.493542e-05	142	1.097976e-05	4093093422	2.435286e-08	
1.620403e+07	3	1.521014e-05	82	1.400000e-08	8.714638e-06	48	1.097976e-05	2842015324	1.400000e-08	1249238030	1.400000e-08	3214077756	1.400000e-08	
1.623519e+07	0	4.424247e-05	4	9.904473e-07	3.604268e-05	3321237907	8.714638e-06	
1.633314e+07	4	8.201034e-06	2138100036	1.978893e-08	8.714638e-06	1249238030	8.714638e-06	879162223	1.400000e-08	
1.643309e+07	0	1.636092e-05	63	2.800000e-08	1.097976e-05	3913511150	8.714638e-06	
1.651182e+07	1	1.542223e-05	6	8.083159e-07	3.368219e-05	83	1.097976e-05	
1.678704e+07	1	9.836934e-02	0	1.000000e+00	1.000000e-01	41	1.097976e-05	
1.684600e+07	1	3.206921e-05	4	1.007975e-06	3.625405e-05	3393811039	8.714638e-06	
1.701560e+07	1	2.759543e-05	1	5.137149e-07	2.895881e-05	2909632847	9.940105e-06	
1.707002e+07	1	2.795957e-05	4	1.035975e-06	3.658669e-05	51	1.097976e-05	
1.727175e+07	1	9.930559e-02	0	1.000000e+00	1.000000e-01	151	1.097976e-05	
1.783875e+07	0	1.592931e-05	20	2.749266e-08	6.959100e-06	86	1.044229e-05	
1.791907e+07	0	3.680209e-05	1	5.137149e-07	2.895881e-05	1211996162	9.299229e-06	
1.804981e+07	0	3.916293e-05	10	6.248314e-07	3.091204e-05	82	8.714638e-06	
1.819093e+07	1	5.777873e-05	6	1.433147e-06	4.076652e-05	10	3.091204e-05	
1.829419e+07	1	3.514754e-05	6	1.447147e-06	4.089883e-05	2962530363	8.714638e-06	
1.847302e+07	4	5.813600e-06	879162223	1.400000e-08	8.714638e-06	3491092596	8.714638e-06	3884425642	1.400000e-08	
1.870714e+07	1	1.400410e-05	13	3.239336e-07	2.483278e-05	1931993247	8.714638e-06	
1.872430e+07	1	1.313840e-05	4	1.049975e-06	3.675076e-05	45	8.714638e-06	
1.909484e+07	1	9.991648e-02	0	1.000000e+00	1.000000e-01	47	1.097976e-05	
1.915881e+07	3	1.181376e-05	22	2.553554e-08	6.788058e-06	2215785330	8.033269e-06	1149406307	1.400000e-08	
2.000407e+07	0	5.110416e-05	6	1.447147e-06	4.089883e-05	21	1.097976e-05	
2.018036e+07	3	1.488336e-05	86	2.408615e-08	8.714638e-06	845665321	8.714638e-06	3528332227	1.400000e-08	
2.053903e+07	3	1.640479e-05	119	1.400000e-08	8.714638e-06	110	1.097976e-05	4004407106	1.400000e-08	451270221	1.400000e-08	3149440925	1.400000e-08	
2.059051e+07	0	1.895083e-05	141	2.800000e-08	1.097976e-05	107	1.097976e-05	
2.065583e+07	4	8.340507e-06	63	1.400000e-08	8.714638e-06	2842015324	8.714638e-06	2250775120	1.400000e-08	1130108289	1.400000e-08	
2.098652e+07	3	1.955780e-05	1	4.942290e-07	2.858793e-05	18	1.097976e-05	2177968201	1.582861e-08	2914302410	1.582861e-08	3655816389	1.582861e-08	
2.100543e+07	0	4.770086e-05	6	1.447147e-06	4.089883e-05	141	1.097976e-05	
2.103496e+07	0	3.668777e-05	1	4.942290e-07	2.858793e-05	2914302410	9.078643e-06	
2.119575e+07	0	3.755020e-05	11	6.580000e-07	3.144961e-05	149	1.097976e-05	
2.131904e+07	0	1.374050e-05	1149406307	1.400000e-08	6.788058e-06	3884425642	8.714638e-06	
2.134837e+07	1	2.037870e-05	4	1.065803e-06	3.693451e-05	3655816389	9.078643e-06	
2.154014e+07	1	1.502852e-05	4	1.079803e-06	3.709553e-05	82	8.714638e-06	
2.159026e+07	0	9.082863e-06	217284033	1.400000e-08	8.714638e-06	1452489764	8.714638e-06	
2.167041e+07	4	8.999662e-06	111	1.400000e-08	8.714638e-06	2795063678	9.591700e-06	3485819286	1.633333e-08	1382686479	1.633333e-08	
2.175610e+07	1	1.372625e-05	4	1.099592e-06	3.732077e-05	2138100036	8.714638e-06	
2.183109e+07	1	9.929405e-02	0	1.000000e+00	1.000000e-01	126	1.097976e-05	
2.207992e+07	1	2.067796e-05	1	5.082290e-07	2.885536e-05	3884425642	8.714638e-06	
2.213321e+07	0	4.875445e-05	4	1.099592e-06	3.732077e-05	101	1.383363e-05	
2.221029e+07	1	3.550765e-05	4	1.127592e-06	3.763490e-05	21	1.097976e-05	
2.221763e+07	1	9.926155e-02	0	1.000001e+00	1.000000e-01	12	2.365517e-05	
2.290812e+07	3	1.195360e-05	2211003714	1.658431e-08	8.714638e-06	3288380490	8.714638e-06	1803925302	1.400000e-08	
2.344878e+07	1	3.217171e-05	4	1.143421e-06	3.781018e-05	2914302410	9.078643e-06	
2.363848e+07	0	3.145830e-05	1	5.082290e-07	2.885536e-05	22	6.788058e-06	
2.413527e+07	0	1.985740e-05	101	5.600000e-08	1.383363e-05	22	6.788058e-06	
2.422936e+07	1	9.910410e-02	0	1.000001e+00	1.000000e-01	140	1.097976e-05	
2.475032e+07	0	4.203242e-05	4	1.143421e-06	3.781018e-05	150	9.157753e-06	
2.499285e+07	0	6.972167e-06	1149406307	1.400000e-08	6.788058e-06	879162223	8.714638e-06	
2.531014e+07	0	9.191129e-06	451270221	1.400000e-08	8.714638e-06	3214077756	8.714638e-06	
2.547500e+07	1	9.951790e-02	0	1.000001e+00	1.000000e-01	148	1.097976e-05	
2.549305e+07	0	4.883487e-05	6	1.447147e-06	4.089883e-05	52	8.714638e-06	
2.555369e+07	2	3.292094e-05	11	9.203011e-07	3.517089e-05	13	2.483278e-05	3293059020	1.400000e-08	378125977	1.587749e-08	2159618959	1.587749e-08	2441325815	1.587749e-08	
2.556312e+07	4	4.009456e-06	1211996162	1.749404e-08	8.714638e-06	3083352544	8.813805e-06	3401497744	1.400000e-08	
2.586145e+07	3	1.198059e-05	69	1.400000e-08	8.714638e-06	2999719241	8.714638e-06	4069401935	1.400000e-08	134948105	1.400000e-08	
2.588983e+07	1	2.116660e-05	6	1.503147e-06	4.141972e-05	101	1.383363e-05	
2.608545e+07	1	2.579390e-05	11	9.343011e-07	3.534833e-05	217284033	8.714638e-06	
2.619835e+07	1	3.646138e-05	6	1.519025e-06	4.156505e-05	2441325815	9.087978e-06	
2.619903e+07	0	1.924336e-05	109	2.800000e-08	1.097976e-05	1130108289	8.714638e-06	
2.626298e+07	1	2.044604e-05	1	5.337646e-07	2.933076e-05	22	6.788058e-06	
2.630176e+07	1	9.998118e-02	0	1.000001e+00	1.000000e-01	20	6.959100e-06	
2.640115e+07	0	1.593776e-05	1172086036	1.595692e-08	9.103109e-06	2250775120	8.714638e-06	
2.656813e+07	1	9.993624e-02	0	1.000001e+00	1.000000e-01	356405251	8.717747e-06	
2.657408e+07	1	2.890376e-05	6	1.538394e-06	4.174097e-05	188552836	9.710626e-06	
2.661823e+07	2	2.508358e-05	1	5.399918e-07	2.944438e-05	86	8.714638e-06	1998372786	1.785889e-08	
2.746645e+07	4	6.270826e-06	690117576	2.013651e-08	8.030659e-06	821115011	9.157753e-06	2455922112	1.400000e-08	
2.771805e+07	4	7.797387e-06	127	1.400000e-08	8.714638e-06	53	1.097976e-05	3059103076	1.400000e-08	432337108	1.400000e-08	1902671923	1.400000e-08	
2.777441e+07	3	1.233794e-05	76	1.400000e-08	8.714638e-06	3321237907	8.714638e-06	4209590891	1.400000e-08	77395223	1.400000e-08	
2.786919e+07	1	2.547270e-05	11	9.483011e-07	3.552402e-05	108	8.714638e-06	
2.825190e+07	1	2.869783e-05	4	1.157421e-06	3.796387e-05	3214077756	8.714638e-06	
2.841993e+07	2	2.264010e-05	14	6.152697e-07	3.075354e-05	2	2.493542e-05	3592986772	1.623240e-08	1246511018	1.623240e-08	3986570268	1.623240e-08	
2.849791e+07	1	9.988077e-02	0	1.000001e+00	1.000000e-01	1452489764	8.714638e-06	
2.852320e+07	0	4.568442e-05	6	1.538394e-06	4.174097e-05	3293059020	8.714638e-06	
2.861452e+07	1	1.685755e-05	1	5.539918e-07	2.969667e-05	121	8.714638e-06	
2.871522e+07	1	3.314858e-05	6	1.552394e-06	4.186721e-05	432337108	8.714638e-06	
2.872310e+07	4	6.226709e-06	937177227	1.684521e-08	8.714638e-06	76	8.714638e-06	174500547	1.400000e-08	
2.875563e+07	1	3.684029e-05	4	1.171421e-06	3.811632e-05	63	8.714638e-06	
2.882553e+07	0	1.297235e-05	77395223	1.400000e-08	8.714638e-06	3401497744	8.714638e-06	
2.907194e+07	1	1.263516e-05	4	1.185421e-06	3.826757e-05	174500547	8.714638e-06	
2.932749e+07	0	3.346983e-05	1	5.539918e-07	2.969667e-05	2177968201	9.078643e-06	
2.944792e+07	1	1.000012e-01	0	1.000001e+00	1.000000e-01	879162223	8.714638e-06	
3.022757e+07	1	1.000001e-01	0	1.000001e+00	1.000000e-01	3913511150	8.714638e-06	
3.076959e+07	3	9.579863e-06	3696193412	1.658431e-08	8.714638e-06	127	8.714638e-06	4083845756	1.400000e-08	
3.098027e+07	1	3.327434e-05	4	1.199421e-06	3.841763e-05	451270221	8.714638e-06	
3.114869e+07	1	9.945528e-02	0	1.000001e+00	1.000000e-01	147	1.097976e-05	
3.125619e+07	1	9.981638e-02	0	1.000001e+00	1.000000e-01	100	1.097976e-05	
3.141381e+07	0	3.759278e-05	1	5.539918e-07	2.969667e-05	690117576	8.030659e-06	
3.145060e+07	0	4.307372e-05	4	1.199421e-06	3.841763e-05	111	8.714638e-06	
3.146149e+07	1	1.000018e-01	0	1.000001e+00	1.000000e-01	1412415798	9.932516e-06	
3.243870e+07	0	1.295609e-05	3293059020	1.400000e-08	8.714638e-06	3528332227	8.714638e-06	
3.269752e+07	1	1.261974e-05	14	6.292697e-07	3.098506e-05	1902671923	8.714638e-06	
3.286668e+07	0	4.534682e-05	4	1.199421e-06	3.841763e-05	690117576	8.030659e-06	
3.335495e+07	0	4.366008e-05	4	1.199421e-06	3.841763e-05	4069401935	8.714638e-06	
3.353412e+07	1	6.488081e-06	11	9.763011e-07	3.587027e-05	113	1.097976e-05	
3.363088e+07	1	2.764655e-05	1	5.679918e-07	2.994475e-05	3528332227	8.714638e-06	
3.375897e+07	0	4.637966e-05	4	1.199421e-06	3.841763e-05	4069401935	8.714638e-06	
3.427614e+07	1	2.174095e-05	4	1.217280e-06	3.860736e-05	1998372786	9.451299e-06	
3.476845e+07	1	1.300795e-05	4	1.234125e-06	3.878464e-05	937177227	8.714638e-06	
3.477181e+07	1	9.836972e-02	0	1.000001e+00	1.000000e-01	1130108289	8.714638e-06	
3.508718e+07	3	1.617289e-05	89	1.444017e-08	8.805028e-06	2029773149	9.585547e-06	110358663	1.609530e-08	1370908750	1.609530e-08	
3.545759e+07	1	7.621450e-06	11	1.004301e-06	3.620995e-05	97	1.097976e-05	
3.584474e+07	1	9.971622e-02	0	1.000001e+00	1.000000e-01	2312786130	9.098667e-06	
3.584987e+07	1	9.984054e-02	0	1.000001e+00	1.000000e-01	134948105	8.714638e-06	
3.585245e+07	1	9.888528e-02	0	1.000001e+00	1.000000e-01	111	8.714638e-06	
3.618065e+07	1	3.296953e-05	4	1.248125e-06	3.893074e-05	4069401935	8.714638e-06	
3.696948e+07	1	2.703690e-05	11	1.032301e-06	3.654339e-05	149	1.097976e-05	
3.733592e+07	0	4.759061e-05	4	1.248125e-06	3.893074e-05	75	1.022752e-05	
3.762004e+07	1	9.898499e-02	0	1.000001e+00	1.000000e-01	138	1.097976e-05	
3.764439e+07	0	4.253336e-05	11	1.032301e-06	3.654339e-05	1370908750	9.129346e-06	
3.818595e+07	0	1.813563e-05	130	2.800000e-08	1.097976e-05	103	1.097976e-05	
3.858285e+07	4	6.770628e-06	135	1.400000e-08	8.714638e-06	103	1.097976e-05	1837234470	1.400000e-08	2945849429	1.400000e-08	66296937	1.400000e-08	
3.882121e+07	4	9.172109e-06	75	2.263036e-08	8.714638e-06	2063946235	8.714638e-06	976558236	1.400000e-08	
3.909851e+07	0	1.760803e-05	153	2.800000e-08	1.097976e-05	3071577057	8.714638e-06	
3.921180e+07	1	9.994430e-02	0	1.000001e+00	1.000000e-01	52	8.714638e-06	
3.968443e+07	0	4.740859e-05	4	1.248125e-06	3.893074e-05	75	8.714638e-06	
4.029718e+07	1	2.812361e-05	4	1.276125e-06	3.921971e-05	134	1.097976e-05	
4.038974e+07	0	1.883829e-05	144	2.800000e-08	1.097976e-05	3401497744	8.714638e-06	
4.084210e+07	1	4.009715e-05	6	1.566835e-06	4.199662e-05	89	8.805028e-06	
4.109585e+07	1	1.913568e-05	6	1.580835e-06	4.212134e-05	69	8.714638e-06	
4.149644e+07	1	3.380173e-05	6	1.594835e-06	4.224531e-05	1149406307	6.788058e-06	
4.167090e+07	1	2.554036e-05	1	5.819918e-07	3.018878e-05	4260098875	8.714638e-06	
4.175903e+07	4	4.589477e-06	78	1.400000e-08	8.714638e-06	2177968201	9.078643e-06	2438291630	1.526945e-08	906368509	1.526945e-08	3783228500	1.526945e-08	
4.213551e+07	3	1.165124e-05	92	1.400000e-08	8.714638e-06	378125977	9.087978e-06	2858952728	1.493874e-08	395113485	1.493874e-08	
4.216550e+07	1	2.190673e-05	4	1.292220e-06	3.938391e-05	1370908750	9.129346e-06	
4.264459e+07	0	5.319445e-05	14	6.292697e-07	3.098506e-05	8	2.365517e-05	
4.356140e+07	1	9.982277e-02	0	1.000001e+00	1.000000e-01	153	1.097976e-05	
4.415093e+07	0	5.057901e-05	6	1.594835e-06	4.224531e-05	976558236	8.714638e-06	
4.421878e+07	1	1.823715e-05	4	1.312357e-06	3.958743e-05	690117576	8.030659e-06	
4.482557e+07	1	1.440230e-05	1	6.099918e-07	3.066536e-05	66	1.097976e-05	
4.533245e+07	0	1.420980e-05	976558236	1.400000e-08	8.714638e-06	4004407106	8.714638e-06	
4.627775e+07	1	2.053431e-05	14	6.572697e-07	3.143797e-05	118	1.097976e-05	
4.628551e+07	0	4.476191e-05	4	1.312357e-06	3.958743e-05	110358663	9.129346e-06	
4.669605e+07	1	9.972976e-02	0	1.000001e+00	1.000000e-01	4004407106	8.714638e-06	
4.791879e+07	1	9.951923e-02	0	1.000001e+00	1.000000e-01	116	1.097976e-05	
4.841385e+07	1	3.747736e-05	4	1.334987e-06	3.981369e-05	75	8.714638e-06	
4.850449e+07	0	4.008966e-05	4	1.334987e-06	3.981369e-05	109	1.097976e-05	
4.893584e+07	1	3.947671e-05	4	1.349926e-06	3.996164e-05	395113485	8.905221e-06	
4.960413e+07	1	3.017401e-05	6	1.609773e-06	4.237681e-05	2858952728	8.905221e-06	
4.965571e+07	1	9.885709e-02	0	1.000001e+00	1.000000e-01	81	8.714638e-06	
5.009685e+07	1	3.049281e-05	1	6.239918e-07	3.089819e-05	4209590891	8.714638e-06	
5.043583e+07	1	9.846758e-02	0	1.000001e+00	1.000000e-01	85	1.097976e-05	
5.078156e+07	3	1.092977e-05	2438291630	1.526945e-08	8.714638e-06	3293059020	8.714638e-06	4019363830	1.400000e-08	
5.081067e+07	1	9.961837e-02	0	1.000001e+00	1.000000e-01	72	8.714638e-06	
5.163104e+07	1	3.667499e-05	6	1.623773e-06	4.249930e-05	976558236	8.714638e-06	
5.261476e+07	4	8.170796e-06	80	1.400000e-08	8.714638e-06	2250775120	8.714638e-06	3016084464	1.400000e-08	921818415	1.400000e-08	
5.480356e+07	1	1.022637e-05	1	6.379918e-07	3.112756e-05	3059103076	8.714638e-06	
5.517030e+07	1	2.360518e-05	8	2.940000e-07	2.404303e-05	80	8.714638e-06	
5.613053e+07	0	4.578242e-05	6	1.623773e-06	4.249930e-05	114	1.097976e-05	
5.756658e+07	1	9.991591e-02	0	1.000001e+00	1.000000e-01	1471982444	8.714638e-06	
5.860241e+07	1	3.014988e-05	4	1.365195e-06	4.011175e-05	906368509	8.970455e-06	
5.913564e+07	0	3.979005e-05	1	6.379918e-07	3.112756e-05	130	1.097976e-05	
6.025410e+07	1	9.871010e-02	0	1.000001e+00	1.000000e-01	98	8.714638e-06	
6.040841e+07	2	2.754780e-05	1	6.470755e-07	3.127459e-05	130	1.097976e-05	2892683898	1.891637e-08	
6.054171e+07	1	2.143637e-05	1	6.659918e-07	3.157643e-05	2892683898	9.634281e-06	
6.091855e+07	1	1.649237e-05	8	3.080000e-07	2.441876e-05	92	8.714638e-06	
6.158986e+07	1	9.906414e-02	0	1.000001e+00	1.000000e-01	123	1.097976e-05	
6.162054e+07	1	9.969346e-02	0	1.000001e+00	1.000000e-01	2879167783	8.717747e-06	
6.223745e+07	1	5.562869e-06	4	1.379195e-06	4.024840e-05	4019363830	8.714638e-06	
6.292288e+07	1	9.974960e-02	0	1.000001e+00	1.000000e-01	99	8.714638e-06	
6.337000e+07	1	3.340291e-05	11	1.060301e-06	3.687084e-05	55	1.097976e-05	
6.422425e+07	4	7.823035e-06	105	1.400000e-08	8.714638e-06	310481256	8.714638e-06	3697249003	1.400000e-08	3983774618	1.400000e-08	
6.822461e+07	1	1.181133e-05	8	3.220000e-07	2.478327e-05	2455922112	8.030659e-06	
6.843786e+07	1	1.786079e-05	4	1.393195e-06	4.038413e-05	77395223	8.714638e-06	
6.865121e+07	1	9.953245e-02	0	1.000001e+00	1.000000e-01	110358663	9.129346e-06	
6.903269e+07	1	4.035798e-05	6	1.637773e-06	4.262109e-05	921818415	8.714638e-06	
7.080627e+07	1	9.798146e-02	0	1.000001e+00	1.000000e-01	120	1.097976e-05	
7.116755e+07	1	2.434449e-05	4	1.407195e-06	4.051895e-05	64	8.714638e-06	
7.382753e+07	1	2.543081e-05	11	1.088301e-06	3.719258e-05	136	1.097976e-05	
7.596781e+07	1	9.944147e-02	0	1.000001e+00	1.000000e-01	4083845756	8.714638e-06	
7.693471e+07	1	3.237068e-05	6	1.654358e-06	4.276447e-05	3696193412	8.714638e-06	
7.808934e+07	1	3.496320e-05	4	1.421195e-06	4.065288e-05	3016084464	8.714638e-06	
7.817277e+07	0	5.928929e-05	4	1.421195e-06	4.065288e-05	8	2.478327e-05	
7.921742e+07	1	3.738443e-05	4	1.435195e-06	4.078593e-05	74	8.714638e-06	
7.930251e+07	0	5.298559e-05	6	1.654358e-06	4.276447e-05	8	2.478327e-05	
7.949080e+07	4	7.902364e-06	135	1.400000e-08	8.714638e-06	78	8.714638e-06	4187488967	1.400000e-08	
8.066131e+07	1	3.428779e-05	11	1.112654e-06	3.746796e-05	4093093422	1.048069e-05	
8.104950e+07	3	2.414241e-05	1	6.490773e-07	3.130681e-05	3783228500	8.970455e-06	898751805	1.609199e-08	3632514288	1.609199e-08	
8.120411e+07	2	5.668056e-05	4	2.026555e-06	4.575720e-05	1	3.130681e-05	410848061	1.400000e-08	2791633391	1.457266e-08	630280293	1.457266e-08	4212779140	1.457266e-08	
8.125000e+07	1	4.245661e-05	4	2.041127e-06	4.586662e-05	630280293	8.831876e-06	
8.131293e+07	1	3.053560e-05	4	2.055700e-06	4.597551e-05	4212779140	8.831876e-06	
8.156680e+07	1	9.996632e-02	0	1.000001e+00	1.000000e-01	1211996162	8.714638e-06	
8.162482e+07	0	4.376243e-05	6	1.654358e-06	4.276447e-05	2791633391	8.831876e-06	
8.186365e+07	1	4.142999e-05	4	2.069700e-06	4.607965e-05	410848061	8.714638e-06	
8.219697e+07	1	3.096894e-05	4	2.085792e-06	4.619876e-05	3632514288	9.128721e-06	
8.256312e+07	1	9.890529e-02	0	1.000001e+00	1.000000e-01	57	1.097976e-05	
8.258123e+07	1	2.093933e-05	6	1.668930e-06	4.288967e-05	2791633391	8.831876e-06	
8.267206e+07	1	9.973959e-02	0	1.000001e+00	1.000000e-01	1803925302	8.714638e-06	
8.393289e+07	1	9.927590e-02	0	1.000001e+00	1.000000e-01	2438291630	8.714638e-06	
8.434319e+07	0	1.604366e-05	1078741991	1.468232e-08	8.853973e-06	3303338876	8.714638e-06	
8.486867e+07	1	9.840464e-02	0	1.000001e+00	1.000000e-01	1172086036	9.103109e-06	
8.529567e+07	1	9.916898e-02	0	1.000001e+00	1.000000e-01	66296937	8.714638e-06	
8.580810e+07	1	9.942945e-02	0	1.000001e+00	1.000000e-01	3986570268	9.155196e-06	
8.714657e+07	1	9.978833e-02	0	1.000001e+00	1.000000e-01	4187488967	8.714638e-06	
8.778915e+07	1	9.986485e-02	0	1.000001e+00	1.000000e-01	1078741991	8.853973e-06	
9.054503e+07	1	9.863967e-02	0	1.000001e+00	1.000000e-01	96	1.097976e-05	
9.056404e+07	1	9.931382e-02	0	1.000001e+00	1.000000e-01	90	1.097976e-05	
9.283328e+07	0	5.418304e-05	4	2.085792e-06	4.619876e-05	3983774618	8.714638e-06	
9.329058e+07	1	2.990370e-05	4	2.099792e-06	4.630190e-05	3983774618	8.714638e-06	
9.334177e+07	1	9.961751e-02	0	1.000001e+00	1.000000e-01	1382686479	9.174131e-06	
9.420858e+07	1	9.988546e-02	0	1.000002e+00	1.000001e-01	2211003714	8.714638e-06	
9.507992e+07	1	9.947912e-02	0	1.000002e+00	1.000001e-01	3485819286	9.174131e-06	
9.633492e+07	1	9.969836e-02	0	1.000002e+00	1.000001e-01	135	8.714638e-06	
9.785343e+07	0	3.066952e-05	8	3.220000e-07	2.478327e-05	898751805	9.128721e-06	
9.955614e+07	1	9.953903e-02	0	1.000002e+00	1.000001e-01	105	8.714638e-06	
9.995474e+07	0	4.444209e-05	6	1.668930e-06	4.288967e-05	107	1.097976e-05	
1.003487e+08	1	9.997079e-02	0	1.000002e+00	1.000001e-01	3149440925	8.714638e-06	
1.013096e+08	1	9.609343e-02	0	1.000002e+00	1.000001e-01	3592986772	9.155196e-06	
1.016265e+08	0	5.347034e-05	14	6.572697e-07	3.143797e-05	8	2.478327e-05	
1.022265e+08	1	9.993150e-02	0	1.000002e+00	1.000001e-01	115	1.097976e-05	
1.040913e+08	1	9.899684e-02	0	1.000002e+00	1.000001e-01	141	1.097976e-05	
1.070367e+08	1	1.224532e-05	6	1.682930e-06	4.300927e-05	119	8.714638e-06	
1.094472e+08	1	9.940422e-02	0	1.000002e+00	1.000001e-01	1837234470	8.714638e-06	
1.135472e+08	1	9.959993e-02	0	1.000002e+00	1.000001e-01	1246511018	9.155196e-06	
1.152767e+08	2	3.359924e-05	11	1.339578e-06	3.985927e-05	8	2.478327e-05	3459374364	1.584600e-08	2125331604	1.584600e-08	3113062634	1.584600e-08	847040419	1.584600e-08	4240624600	1.584600e-08	1565786989	1.584600e-08	
1.178792e+08	1	4.239828e-05	4	2.127792e-06	4.650679e-05	107	1.097976e-05	
